3
4
4060586
11086622
11083823
11082387
11071772
11084785
11074835
11079242
11078580
11085336
11081958
11083770
11081964
11071927
11084073
11078234
11073680
11081916
11078884
11070892
11082517
11085442
11084469
11072984
11076361
11062437
11075115
11084300
11073099
11081833
11074397
11069777
11077321
11078017
11065541
11071284
11083379
11071894
11083453
11081949
11082522
11085993
11083579
11084897
11083159
11074008
11081307
11080461
11086041
11068601
11068696
11081507
11080809
11074040
11077063
11078958
11079835
11085408
11078741
11065976
11079185
11068314
11081887
11067891
11081746
11071567
11080174
11083611
11078715
11081848
11082994
11078250
11071914
11083236
11080469
11070536
11081331
11073240
11083537
11066712
11083010
11084791
11083415
11078415
11070398
11078777
11068983
11083087
11083007
11075450
11075206
11072663
11086370
11075656
11066321
11068894
11071550
11064262
11069512
11075900
11071804
11079302
11085910
11077989
11071111
11081802
11073385
11082348
11069800
11066600
11066536
11070386
11082852
11087387
11085033
11069927
11078245
11071058
11082798
11079911
11085890
11079916
11085868
11087310
11087901
11078442
11084915
11084866
11084029
11068845
11086798
11076881
11083731
11087113
11080393
11086697
11083940
11076068
11083784
11084483
11081774
11082527
11082803
11068610
11071879
11071749
11071375
11082889
11079420
11075032
11076762
11086473
11061196
11067003
11078843
11083421
11075021
11069295
11074100
11077810
11080247
11068870
11080443
11085126
11069900
11076951
11079764
11067783
11082348
11082160
11080038
11082723
11085444
11082628
11082113
11064922
11072961
11084405
449238
4
6
3
0
3
