96895787
96868009
96930179
96984602
96763789
96876954
96823721
96979499
96807248
96927652
96850018
96985733
96989381
96937136
96822229
96988005
96984848
96830868
96967443
96890130
97002634
96852105
96877615
96853521
96859024
96725967
96975952
96738976
96910317
96925215
96852579
96965583
96824226
96964255
96925315
96732188
96979104
96962875
97006472
96759999
96982168
96795459
96904557
96975288
97014168
96856055
96992326
96978947
96876830
96859713
96936370
96977432
96931553
96865790
96951762
96980463
96982674
96984136
97010605
96949822
96956583
96989558
96995653
96971541
96961118
96975671
96944109
96986221
96967354
96957711
96970516
96988029
96977384
96889821
96872095
96757857
96873751
96984509
96861987
97039355
96987987
96889149
97008516
96999033
97015873
96923916
96856077
96794858
97011041
97024838
96997469
96874386
96851239
96988874
96879234
96873179
96880773
96859252
96988881
97000570
97020184
96891452
96979340
97002319
97016626
96985856
96889012
96998750
96776598
97045761
96905347
96979852
96931252
96989511
96895290
96907767
96987977
96961454
96886006
96893259
96864199
96974945
96788972
96992054
96864241
96845675
96880062
97003574
97010969
96847976
96979548
96976516
96964628
96993533
97005809
96980595
96976315
96946920
96893646
96852214
96973509
96952953
97009112
96753416
96882933
96948377
96992484
96950768
96955515
96961802
97003435
96919946
96929970
96977399
96848162
96955459
97008832
96953560
96921521
97005433
96966888
97016689
97020323
96859742
97017718
96894459
96791379
96911524
96872869
96906991
96932388
96999812
96979222
96891258
96984681
96937736
