97001306
96888578
96976391
96977541
96999914
96913275
96876785
96965317
96871250
96975156
96986416
96975555
96982025
96840023
96769083
96980579
96909907
96952955
96898975
96986334
96831369
96974055
96975110
96943757
96998894
96982570
96900958
96958691
96983182
96987961
96976067
97011893
96998357
96997399
96984334
96883275
96993104
96881092
96965020
96969085
97004388
96857502
96976095
96983562
96934776
97007103
96915764
96854895
96907194
96964364
96978206
96999415
96988353
96988377
96972000
96897804
96799985
96889139
96983032
96771601
96857988
96936209
96944739
96851859
96906229
96891386
96819345
96962911
97005481
96941431
96982720
96925165
96786667
96971586
96877201
96978461
96957635
96986003
96947797
96924816
96797074
96922972
96986449
96987306
96971932
96915431
96819889
96997419
96925457
96892129
96877129
96845267
96988117
96892037
96975669
96860350
96989468
96887902
96983765
96973844
96829411
96985535
96871931
96909836
96936436
96974310
96851942
96948585
96977170
96870044
96980001
96980266
96876007
97011600
96922795
96886812
96926832
96967738
96969075
96908456
96849687
96889528
96891683
96952792
96990585
97001286
96864590
96819495
96857242
96986335
96888273
96994152
96948495
96896377
96966680
96891842
96977927
96754941
97000894
96895263
96861922
96851089
96855572
96952741
96815194
96907187
96950431
96785876
96940709
96900046
97015295
97026815
97006860
96915753
96776572
97012961
96863821
96862208
96947265
96905543
96890704
96948287
97005610
96781873
96881832
96966211
97003016
96981598
96965301
96995860
96882705
96915103
96892237
96779581
96889117
97010515

