64489402
64389273
64436324
64490016
64373571
64505037
64480969
64487582
64408969
64503364
64496058
64500105
64422022
64502395
64482270
64490079
64487854
64427040
64416582
64495302
64324981
64466997
64410895
64402598
64392548
64407198
64400823
64467667
64492052
64505273
64401375
64487814
64324512
64500345
64456997
64493233
64393515
64447545
64325474
64510231
64478255
64470861
64419913
64502254
64419655
64410042
64413833
64407377
64414935
64496055
64414219
64421890
64479346
64486121
64490186
64481469
64395104
64370784
64462358
64384698
64369461
64406474
64387206
64495819
64335743
64334157
64373592
64389485
64388737
64397503
64415327
64326003
64391761
64467779
64382277
64377783
64456785
64363177
64491018
64417640
64370599
64348890
64457108
64493631
64471522
64490098
64485876
64492962
64435888
64483637
64435761
64324862
64410774
64437738
64421805
64495819
64424408
64321587
64416821
64411177
64460165
64486506
64403945
64402803
64421184
64385936
64401307
64410209
64484079
64404064
64467126
64390759
64439880
64443809
64442743
64456118
64492695
64441542
64483106
64475407
64491754
64434295
64390460
64448643
64448115
64369802
64329456
64477532
64324634
64433206
64416135
64399062
64453608
64491046
64320602
64452164
64308976
64488894
64477621
64449751
64432348
64358430
64417669
64508595
64401439
64492422
64410996
64475118
64407855
64479904
64418878
64484327
64493522
64493482
64440624
64393872
64407232
64496180
64386341
64419982
64415245
64462079
64495831
64421176
64446459
64456917
64430316
64462348
64401135
64496528
64381587
64432884
64459208
64492319
64407828
64401815
64478318
1867223
6
3
2
9
