64424853
64481009
64461843
64427347
64467371
64411036
64435931
64468819
64404455
64492427
64508977
64497316
64419953
64444281
64407369
64452729
64475651
64402014
64378461
64488469
64379163
64401504
64411941
64385943
64452601
64489350
64491209
64496726
64474620
64419355
64488282
64475695
64471088
64474315
64481253
64374634
64501354
64376940
64413534
64425735
64434978
64463392
64485807
64385717
64476481
64439754
64456005
64486395
64401337
64480813
64493159
64500432
64429385
64413260
64475161
64491067
64474452
64409065
64482451
64429613
64489968
64389232
64481863
64486015
64484438
64462885
64440120
64472964
64483351
64466565
64413942
64409680
64429552
64420148
64466374
64465142
64495258
64450807
64466565
64482843
64441055
64467358
64453752
64481542
64487127
64485617
64487624
64419759
64410813
64416214
64494691
64404871
64474890
64418880
64475934
64416165
64429934
64321280
64444083
64426593
64402075
64506249
64469742
64492000
64474598
64440453
64406905
64481991
64491072
64449564
64505631
64451556
64420547
64487418
64479555
64426555
64380354
64350773
64436936
64404962
64407885
64419392
64488410
64452487
64334224
64478375
64402300
64477144
64361230
64461570
64473319
64415504
64398537
64449014
64404609
64449584
64486305
64396256
64452169
64474239
64510441
64443350
64373173
64492488
64365394
64445067
64368748
64504012
64420490
64460091
64498380
64480505
64463926
64420096
64401400
64461465
64455816
64474637
64427599
64498738
64473212
64363247
64437080
64395176
64477245
64486758
64453905
64417955
64492781
64414659
64426672
64487746
64488545
64493475
64504227
64456180