96917069
97001498
96961430
96909458
96920295
96992349
97007406
97037392
97009852
96927022
96955530
96979728
96879136
96874235
97010078
96894703
97012742
96858751
96969357
97007531
96914770
96927961
96981204
97012242
96873325
96968887
96995023
96981809
96983074
96971716
96938206
97002997
96981480
96867671
97012137
96831309
96880628
96862889
96933789
96944087
96985244
96879662
96874531
97007695
96865814
96966706
96975456
96820578
96989313
96986413
96909834
96902273
97021081
97014559
97014247
96976739
96900910
97009378
96959674
96858016
97001403
96849426
96959393
96920621
96968507
97011194
96768814
96983511
96974043
96979471
96914927
96993210
97007720
97005486
96921113
96906384
97007036
96981859
96861958
97021283
97003722
96877354
96936016
96907013
96861551
96992696
96875980
97011516
97009245
96975783
96992962
97009853
97006668
96967244
96941086
96981506
96857823
96946987
96979383
97003212
97005250
96962305
96943843
96942112
96981370
96946581
96955746
96990918
96972444
96859906
96958974
97015193
96948114
96940946
97016436
96872312
96920044
97028856
96910006
97007131
96917516
96864309
96899282
97002616
96987679
96905984
96979642
96985559
96842086
96940535
96956280
96938736
96976914
96987996
96939723
96889097
96896101
96942601
96938206
96967045
96971112
96845933
97002165
96952863
96982925
96888778
96976584
96995440
96892073
96875417
96965115
96876007
96993799
96997466
96947301
96902535
96866466
96996843
96973725
96926910
96911763
96935796
96943463
96968339
96964450
96844384
96997324
96874539
97009498
96944821
96927440
96975482
96971223
96934301
96913241
96820581
96900672
