93435876
96872686
96900961
96872611
96863154
96893191
96902171
97009649
96846913
96861628
96901558
96767123
97008460
96834769
96877777
96836309
96770757
96834014
96878432
96859222
96881823
96951945
96995016
96865880
96883747
96903711
96872405
96977365
96919901
96727481
97011685
96812488
96897857
96882241
96732934
96982849
96981721
96966759
96992992
96992849
96886875
96976650
96894231
96826030
96769790
97014843
97013397
96938867
96958653
96827354
96995675
96969418
96889397
96723273
96863622
97027170
96875850
96866185
96862941
96792747
96836717
96936274
96900073
96964556
96838639
96892437
96764262
96832224
96849267
96964944
96933801
96994237
96941911
96892444
96945304
96875886
97009875
96882996
96831054
96968893
96981394
96990482
96892956
96996638
97003742
96854216
96982405
96930736
96856271
96976906
96950678
96889812
96867153
96767313
96869408
96995168
96980289
96888203
96865650
96864660
96828214
96932561
96848008
96856322
96874759
97011256
96912499
96873548
96878188
96954272
96948122
96820448
96829319
96935959
96988959
96981189
96964467
96822180
96853737
96978574
96849613
96832237
96777125
96775892
96897684
97001146
96848349
96890049
96846290
96929784
96972312
96967714
96962960
96950004
96954261
96963836
96972383
96821574
96857595
96897608
96987513
96975377
96945872
96979567
97003468
96799067
96907796
96853118
96835074
96902870
96752432
96946139
96935598
96942277
96829703
96941478
96940752
96978086
96992633
96971913
96968350
96988351
96980612
96879892
96762354
96909236
96968355
96742129
96990442
97005333
96942600
96977223
96985023
96970211
96895606
96983070
96897865

