96879427
96947654
96893932
96774779
96990003
96956034
96787425
96984795
96980136
96985136
96798551
96778243
96877463
96994702
96869713
96921557
96970684
96958662
96866048
96960574
96960390
96896100
96874564
96889295
96987374
96942334
97010992
96873221
96762585
97009674
96976919
97006730
96971434
97016039
97010950
96985911
96986185
97017983
97014895
97003742
96970131
96994754
96963211
96968668
97028945
96935045
96996508
97005821
96967093
96876582
96973194
96987209
96987136
96995554
97034682
96991642
97013106
96978808
96997756
97022657
96892620
96976222
97017276
97005573
96981307
96956881
96834071
97021311
97000860
96995228
96777828
96956249
96992700
96750181
97000134
96988445
96984799
96989842
96993623
97007754
96876186
96924807
96986143
96960766
96985100
96855036
96869495
96899543
96973232
96982388
96948977
96842552
96979890
96845242
96918949
96951729
96870025
96775840
96981786
96994222
96762020
96771227
96886091
97024289
97030687
96838639
97000500
96917646
96974037
96929167
96991674
96981919
96982979
96973276
96787607
96885865
96976032
96964953
96987481
96951075
96971257
96917626
96882928
96966469
96977619
96989890
96930863
96927630
96791812
96891565
96894236
96856588
96963024
97014886
96997825
96987440
96816513
96906635
96992873
96992903
96968036
96975004
96987137
96964340
97002579
96964306
96970580
97016371
96994386
96952993
96761777
97007754
97024156
97012463
96881389
96849377
96917283
96855699
96985471
96901844
96961740
96888592
96951295
96887376
96901230
96883355
96999266
96953862
96957552
96972942
96889160
96993980
97003871
96975504
97006464
96841967
