96887708
96892551
96902018
97023151
97002201
97001502
97000324
96914241
96963746
97021739
97011543
96781668
96898581
97009582
96992285
96998445
96982409
96985414
96990435
97056755
97003888
96945408
96884077
96981336
96877524
96934613
96915865
96934823
96839608
96740056
96743368
96906357
97018907
96862588
96809170
96831636
96839656
96861586
96958834
96862425
96934358
96826572
96874759
96871624
96849627
96942056
96828713
96926406
96748137
96846307
96858326
96963552
96788387
96759106
96849867
96807785
96832140
96820334
96878632
96854009
97003669
96888425
97003922
96919914
96863571
96759515
96847374
96909675
96901075
96754700
96859701
96814705
96882576
96801301
96967733
96997526
96947034
96912430
97020962
96926276
96901532
96986228
96896431
96895465
97000509
96950030
96827470
96748105
96950490
96964782
96960706
97001179
96838323
96997229
96947988
96920200
96889738
96780143
96984782
96949027
97029863
96939226
96874585
96918314
96794814
96948265
96841091
96991777
96816274
96997622
96818523
97019809
96829293
96860448
96765402
96914747
96957194
96869509
96720408
96986650
96863634
96973697
96855068
96983514
96866608
96807075
96820910
97003566
96851269
96921680
96991500
96999366
96932149
97018368
96923924
96935218
96877535
96973201
96938673
96860359
96833501
96871293
96849535
96968695
96845377
96991953
96915730
96909178
96937248
96978461
96877353
97002515
96813936
96986181
96955533
96997984
96927410
96964475
96995340
96996458
97002495
96892815
96872075
96993196
96968006
96753584
96977159
96909107
96992721
96930824
96938441
96950190
96991638
96986160
96932681
96911352
