4
2
62604752
89672246
96779303
96975447
96961837
96976041
96898277
96770655
96903986
96892974
96985428
96973224
96866662
96879502
96866823
96790573
96885763
96893731
96929449
97025199
96972249
96884719
96995580
96869746
96865373
96919531
97017968
96865854
96962373
97006324
96939927
96991110
96988900
96823387
96965790
96851511
96936524
96999945
96982705
96900427
96961738
96951728
97004241
96927966
97002874
96896442
96905294
97005570
96978133
96873154
97016663
96865999
96737671
96974205
96949381
96927593
96936590
96996148
96988748
96981317
96808360
96937237
96871774
96883399
96900516
96976174
96922299
96965834
96966389
96991658
96963632
96902174
96836244
96905823
96975377
97000966
96908009
96998629
97001735
96926564
96854402
96847574
96939689
96817285
96989277
97002230
96925776
96991186
97004839
96903715
96957862
96911765
96881448
96979770
97019204
97019004
97003504
96991300
96976550
97032964
96873918
96999660
96826079
96751528
96944046
96887712
97005515
96992493
96900296
96978890
96884911
96947577
97006660
97009643
96996247
96989385
97004918
96877159
96947544
96975632
96879794
96938817
96901419
96995322
96882636
96986993
96969190
96953165
96831357
96846372
96903577
96758804
97006867
96960931
96972291
96934229
96863478
96961525
96951840
96972297
96857391
96944040
96920911
96946129
96863968
96881851
96977506
96985571
96987969
96980422
96994478
96965994
96858145
96893885
96922172
96985222
96938194
96933855
96934175
96908637
96858286
96983197
96986113
96929587
96928281
96882020
96948352
96983574
96859096
96956198
96861959
96971058
96784465
96928123
96895990
96815567
96987212
76497649
10
5
8
5
