96842481
96970101
96973156
96862954
96699563
96868117
96876419
96967097
96851545
96772460
96846825
96860756
96814303
97002236
96941928
96796398
96729238
96940046
96913691
96923491
96865320
96846521
97005398
96983322
96995340
97014105
96811231
96980660
96972217
96840486
96957964
96889887
96932728
96904321
97006740
96984208
96926422
96882761
96994080
96862775
96934598
96949208
96978619
96920033
96958955
96980500
96916526
96992100
97000560
96944540
97019234
96925497
96983192
96806175
97005271
96894157
96996776
96872165
96916274
96940301
96921089
96820157
96998814
96995721
97005215
96841314
96985278
96990993
96926354
96847362
96874464
96979588
96968584
96978965
96992707
96870125
96982377
96950652
97002471
96977386
96864536
96993681
96881687
97005329
96768997
96869509
96966702
96759488
96991722
96836248
96867609
96844051
96754984
96985287
96973277
96975821
96862453
96747679
96853660
96879041
96953714
96933171
96963104
96797230
96938804
96857377
96865467
96890897
96840327
96969330
96928833
96864185
96902881
96880606
96993253
96806343
96938171
97007970
97025707
96994418
97023740
96977000
96880336
96992655
96958830
97028850
97014206
97019859
96889139
96881568
96850057
97000711
97003011
96856107
96819786
96803167
96908491
96902372
96827186
96964482
96924258
96894073
96943063
96950738
96985021
96831652
96736235
96955776
97002540
96844359
96950871
96970061
96944706
96905185
96885878
96950118
96861406
96715136
96869824
96973347
96961850
96928612
96954372
96960958
96876826
96852349
96832628
96868999
96828205
96844390
96965279
96873510
96843711
96890776
96868708
96932780