96965489
96904227
96947665
96872350
96959695
96997804
96965419
96917006
97013506
97001166
96896258
97018810
96850581
96958656
96985503
96990995
96995344
96968600
97000546
97024589
96902285
96972930
96955800
96934676
96877904
96982855
96978230
96952692
96892031
96819531
96928746
96984078
96991724
96992031
96982047
96793221
96873855
97011832
96895233
96893850
96918377
96929613
96955366
96990040
96759369
96896855
96790149
96774736
96988301
96979897
96987316
96755694
96996471
97024743
96903347
96797281
96788758
96989293
96910312
96873024
96860546
96880681
97000815
96987040
96911750
96996223
96994478
96908490
97043442
96908724
96849661
96903768
97006393
96991298
97019195
96883940
96959884
96874120
97008273
96910392
97010180
97006495
97017497
96959960
96994023
96996112
96966209
96907622
96851041
96999117
96955892
96990142
96776400
97004911
96990271
96837798
96955292
96817636
96852946
97001318
97001151
96974839
96958099
96817725
96997606
96930362
97008897
96857576
97012484
96922126
96804284
96773289
96995617
96841803
96896089
96871999
96953051
96948814
96748172
96895574
96967981
96988056
96971650
96963586
96992250
96868632
97014990
96912467
96871254
96828287
96861595
96856080
96917002
96750442
96864990
96970465
96830861
96864804
96960925
96883911
96722108
96970657
96984832
96826211
96766953
96888496
96964636
96772602
96804692
96933400
96955106
96981375
96974523
96848603
96862976
96956963
96874174
97002472
96868206
96975096
96986644
96923375
96931052
96744468
96995046
96866356
96973306
96993235
96871321
96880795
96977792
96989807
96774087
96940716
96997825
96963761