97007675
96953273
96861395
96963932
96943078
96979857
96807056
96988894
96887797
96993337
97017405
96974576
96985008
97005894
96983905
96746120
96991738
96865447
96952402
96891870
96863054
97015957
96878981
96984602
96900393
96905961
96878530
96980048
96968805
96928892
96790520
97011151
96986526
96913303
96980484
96879871
96904996
96981536
96847645
96886118
96882311
97011496
96864124
96986736
97002924
96873035
96915197
96781353
96846968
96992477
96934373
97004974
96941089
96914280
96962367
96789520
96835462
96845874
96862312
96863281
96992680
96919008
96871279
96860084
96723435
96913698
96869091
96859285
96880093
96986596
96975359
96902230
96959709
96782424
96839449
96945696
96861105
96900350
96923937
96957721
96995863
96806870
96743707
96870679
96800983
96817778
96945175
96985087
96970204
96957345
96945371
96978227
96980952
96978065
96757575
97008246
96926625
96922697
96922192
96947317
96867555
96921824
96816273
96835930
96878729
96864806
96872882
96903708
96884292
96988526
96877720
96773178
96763534
96853542
96775815
96866999
96842174
96875535
96778848
96866443
96838877
96860905
96933258
96923518
96851507
96989625
96758584
96872098
96768982
96820197
96897552
96867729
96880874
96901470
96883741
96992681
96946678
96965731
96944746
97014103
96946603
96887520
96955504
96981693
96800925
96963317
96967876
96933291
96796442
96788785
96915832
96966436
96927066
96948189
96935386
96999579
96931945
96953529
96867842
97001084
96816168
96858981
96939254
96864785
97000749
96992029
96915841
97010519
96911143
96840298
96949901
96966446
96935323
96991737
96937436
96877681