96988502
96853293
96790388
96870306
96806130
96971436
96956264
96954476
96963823
96930147
97000291
97018391
97004150
96826199
96877085
96905216
96900588
96991308
96997140
96896940
96993498
96948933
96922411
96759694
96850179
96914742
96960571
96987727
96929000
96970972
96948663
96998370
96930959
97003196
96732833
96984689
96952729
96926721
96937290
96885533
96991367
96988892
96993330
96951159
96871426
96980681
96987065
96854292
96938111
96884861
96758868
96965110
96944282
96912082
96957896
96952789
96961235
96918266
96863527
96855165
96928983
96853708
96960691
96946257
96918311
96754707
96852325
96996460
96965617
96851304
96978063
96782133
96882724
96864479
96855064
96983250
96904452
96751964
96872484
96935217
96891565
96975055
96978916
96980031
96867542
96843891
96940078
96847389
96908131
96981988
96973761
96843503
96864093
96776007
96848709
96966098
96941447
96850513
96954804
96865090
96910378
96788288
96975090
96921769
96963397
96859637
96864622
96848197
96960158
96859571
96998812
96931827
96798249
96855142
96987910
96805493
96884317
96958486
96995381
96869739
96994493
96901283
96985696
96890813
96913772
96890145
96941645
96896152
96842992
96903136
97008683
96855114
96858102
96843783
96964524
96980669
97019258
96826093
96948997
97016551
96996430
96959034
96881406
96956360
96907950
97011502
96891922
96823110
96877910
97001985
96942751
96914848
96863178
97019611
97043658
96853345
96841862
96808010
96923711
96994717
96770470
96894193
97006249
96900908
96975215
96992518
96864990
96897622
96890227
97022217
96989311
96982446
96734750
96995728
96864386
96983899
96990834