96974529
96980010
97005178
96997333
96873829
97020191
96840542
96975797
96952864
96912468
96846630
96971676
96825227
96882216
96907817
96762950
97004837
97004938
96991823
97018321
97001186
96995793
96869542
96922409
96854738
96844676
96764888
96962612
96843455
97005572
96937151
96982091
96958558
96953785
96902695
97003250
96936369
96938774
96899764
96992688
96923923
96988503
96876812
96977568
96864274
96888152
96850991
96988595
96938757
96991208
96969766
96988046
96984073
97008609
97004189
96993030
96873132
96988998
96997633
96992813
96735228
96835167
96907094
97001945
96882299
96848857
96975668
96848991
96973883
96832627
96987494
96872283
96789326
96853174
96946619
96989585
96888511
96956774
96852216
96824902
96960472
96969486
96878559
96987435
96745682
96951666
96992029
96973300
96930819
96934125
96957798
96911952
96759498
96888325
96978704
96941173
96890913
96853517
96961109
96847513
96852283
96938031
96975796
96975499
96933047
96988657
96911134
97001239
96890760
96988532
96874903
96897507
96915121
96802248
96918695
96884129
96996134
96987506
96950007
96983494
96977060
96893615
96782926
96909394
96942718
96891537
96933751
96983065
96969344
96991222
96967519
96924347
96992115
96969563
96906883
96927307
96800848
96990269
96996445
96932303
96917249
96991634
96819586
96974572
96964415
96994625
96980082
96868044
96847237
96974499
96950960
96851426
96897274
96997436
96970282
96988838
97014172
96996785
96968325
97015543
96911539
96941090
96951357
96989966
97017270
97001972
97002683
96905450
96969056
96958236
96880417
96873829
96856992
96925066
96953870
96981839
