96931397
96773511
96844174
96985595
96744508
96879280
96909027
97004976
96987737
96888388
96768420
96885338
96884625
96762250
96880219
96952102
97018225
96878354
97037810
97027077
96933599
96890296
96882424
97006743
96865031
97013719
96969657
97004962
96933286
96854496
96871734
97014931
96821585
96990607
97020224
97001917
96806302
96911789
96861358
96879736
96849390
96972600
97005595
96972297
96873684
96844663
96962799
96859983
96762760
96998845
96999111
96952337
96932704
96910454
97001106
96976665
96981143
96781001
96991509
96874088
96908387
96901319
97023767
96958308
96929627
96967732
96993344
96993496
96985269
97021217
96799095
96910506
96946362
96908041
97008884
96751155
96878604
96990004
96959070
97024841
96992036
96947653
96844457
96870859
96899931
96987379
97027350
96997922
96992667
96900250
96951194
96800035
96971861
96917618
96881931
96962061
96865714
96876475
96874063
96764080
96985996
96835611
96981285
96912228
96973190
96880248
96959815
96939547
96967324
96977210
96832035
96922999
96981618
96930089
96869762
96948029
96717449
96978936
96983725
96844198
96903841
96998455
96984713
96943765
96862305
96856131
96739496
96877360
96986486
97013176
97020985
96868663
96889762
97008728
96994407
96865745
96920269
96819543
96917438
97003763
96967272
97001685
96858314
96933190
96846146
96751179
97024958
96888166
97011540
96879673
96879993
96884089
96983793
96944676
96983927
96878379
96936933
96734965
96920830
96852603
96977012
96945242
96801842
96963368
96795643
96734429
96931827
96863760
96921974
96906025
96882853
96863279
96959190
96993261
96922667
96927770