96743742
96861154
96965225
96985379
96975527
96867988
96890592
96903396
96875085
96865254
96776122
96760802
96991702
96918901
96736455
96874846
96855599
96879669
96875486
96947044
96875501
96861197
96887604
96946680
96867550
96928381
96784854
97011020
96872225
96967431
96866104
96984638
96921238
96929028
96925683
96872349
96902744
97000636
96986641
96876807
96958792
96954071
96925880
96991861
96893447
96967584
96910823
96943097
96807615
96840324
96949558
96950380
96987835
96947690
96856627
96863121
96878156
97004870
96954143
96868647
96889569
97002633
96914509
96925482
96950113
96856437
96950690
96882304
96973205
97003426
96970169
96942491
96913427
96939666
96875051
96955963
96860195
96996249
96951888
96992359
96958764
96964586
96898882
96987530
96967699
96976499
96976996
97021191
96931794
96964155
96919196
96915506
96977501
96888254
96923265
96863515
97016363
96795946
96949550
96915699
96995120
96976897
96994832
96822624
96772873
96992758
96937118
96859505
96966355
96863096
96904980
96985753
96993231
96733065
96916344
96997178
96967290
96994521
96965648
96948656
97019246
96883849
96972824
96939152
96937148
96991227
96962836
96941835
96866766
96952205
96934389
96952964
96873621
96938821
96886658
96978191
96979024
96969252
96962192
96856741
96821023
96951386
96922366
97001447
96988938
96959793
96931272
97000858
97010953
96917758
96993281
96991058
96983029
96976172
96969120
96970673
96886745
97010147
96991880
96828207
96974436
96992915
96978823
96964324
96986593
96909393
96981069
96859528
96729781
96997017
96836456
96939643
96892111
96860643
96921385
97021597
