92893105
92826704
92928512
92959852
92899317
93004319
92871045
92877679
92792508
92996208
92938598
92941413
92929698
92974807
92977874
92749031
92920863
92980295
92927176
92979530
92818993
92944242
92876801
92835748
92917782
92916486
92891713
92833469
92881490
92915859
92854758
92918730
92892729
92919019
92826300
92934612
92838075
92900864
92859181
92904453
92756288
92740415
92929596
92779713
92926945
92811140
92905399
92714546
92887789
92869153
92854803
92829295
92894638
92855758
92804627
92833420
92680531
92810757
92919654
92858021
92903019
92752164
92886694
92965157
92803951
92930470
92703850
92938827
92904449
92865962
92782235
92946312
92782701
92947672
92863669
92940895
92945142
92898203
92841133
92835306
92799810
92963643
92950074
92917906
92832631
92924948
92892784
92959284
92920913
92872515
92822855
92936653
92836207
92942252
92734944
92972533
92865078
92855669
92976592
92934974
92863721
92935522
92755311
92907694
92962538
92855466
92949096
92842774
92847433
92978408
92830836
92945346
92840347
92898664
92838467
92877425
92850000
92934567
92690749
92886157
92951704
92941921
92973992
92863745
92836168
92951805
92947789
92879667
92864991
92943128
92814324
92777537
92782133
92823672
92832406
92938353
92731979
92944938
92704252
92937639
92781558
92958787
92905651
92961796
92800994
92912445
92780809
92819892
92725290
92903702
92795290
92843862
92881853
92862638
92846007
92932772
92891083
92680065
92904533
92901881
92929988
92864616
92756086
92863335
92942107
92951690
92958494
92959102
92931241
92948213
92829225
92945578
92846962
92967323
92964497
92827005
92934116
