92833428
92885227
92887073
92878283
92941357
92934343
92957710
92827260
92871555
92843355
92833566
92747045
92745669
92838904
92935417
92863561
92917640
92864415
92840378
92966211
92879770
92794365
92856104
92839502
92880419
92769106
92727520
92793723
92804232
92956202
92940414
92812479
92962136
92856816
92833849
92889640
92716093
92834144
92744672
92827200
92909792
92831097
92936493
92896937
92954566
92952642
92947805
92941781
92880980
92987813
92779891
92790378
92958293
92904599
92944855
92886350
92849675
92859698
92863345
92922542
92891502
92864017
92881687
92959294
92871640
92874283
92758874
92928731
92766939
92920696
92921190
92871658
92956162
92965992
92964228
92948018
92810324
92841054
92951684
92950439
92842123
92872186
92851040
92963094
92959911
92986386
92822622
92891042
92929574
92827381
92854035
92817946
92801945
92978430
92896992
92740271
92876819
92803170
92981541
92795105
92813963
92916308
92964896
92872550
92942564
92900985
92818758
92872456
92778990
92740552
92923755
92924317
92895465
92680104
92950109
92821020
92886754
92902778
92867815
92831508
92832217
92919363
92955687
92924389
92912153
92816201
92882760
92871294
92862145
92880572
92783120
92873693
92891217
92946990
92956185
92839718
92943046
92960475
92915232
92829049
92825924
92977582
92862612
92897515
92883036
92963848
92939988
92808072
92861233
92828679
92895612
92765676
92893030
92950535
92943445
92836213
92830130
92935070
92776885
92816502
92918827
92929349
92817889
92801600
92830972
92943803
92852724
92868746
92789964
92866035
92909294
92874502
92686737
92827539
92946307
92855366
