37257639
37147800
37193638
37149581
37182454
37151987
37194250
37147103
37107423
37221680
37155070
37202757
37189620
37198382
37194223
37212272
37198491
37204346
37142430
37210145
37169741
37143122
37193920
37173548
37099753
37120422
37150588
37150832
37151706
37105653
37139121
37169093
37130653
37090036
37107922
37101585
37106604
37139812
37145106
37144407
37155201
37148953
37115593
37162953
37104009
37144060
37144515
37134196
37099763
37110896
37095254
37128836
37108164
37145351
37098765
37057803
37095647
37069603
37147940
37144684
37099294
37085908
37110555
37132125
37100353
37092555
37064160
37113760
37147341
37138125
37138335
37133355
37136016
37136477
37132849
37117127
37142504
37091623
37135975
37112443
37129890
37110823
37106643
37111736
37131879
37148374
37131051
37109204
37144066
37054734
37161415
37133653
37155034
37150059
37124021
37141354
37092572
37112018
37152283
37137766
37115179
37125313
37127636
37097144
37089220
37115390
37087813
37144100
37124442
37075394
37125044
37077875
37142590
37103584
37122164
37144107
37118783
37159596
37141482
37118948
37093806
37111962
37153966
37107287
37132706
37039642
37104838
37130677
37093752
37149891
37142971
37140259
37134990
37139642
37081782
37103524
37163133
37122102
37104845
37145081
37126669
37141612
37137427
37081979
37113334
37141520
37145705
37106496
37136496
37093857
37151750
37137481
37115768
37074375
37150085
37153730
37109464
37124493
37135857
37108814
37131282
37138206
37147399
37111677
37127083
37108937
37094941
37107897
37095598
37110480
37066882
37140029
37148616
37110726
37137652
37149974
37133421
37098150
37112634
37118658
37134850
37096622
37079128
37141166