2
2
8075329
37631974
37503458
37393001
37415496
37285998
37286076
37228533
37264237
37288941
37244171
37288738
37287921
37283696
37263734
37257895
37256737
37203548
37261062
37174362
37249344
37207007
37209980
37251181
37208946
37242410
37251000
37231392
37246875
37199659
37221647
37203980
37224784
37222307
37205692
37245026
37249382
37251626
37240133
37209732
37199324
37216748
37229407
37236486
37227990
37221490
37222122
37190809
37189047
37227716
37230126
37214287
37218349
37232564
37187080
37145866
37197720
37103317
37149398
37163232
37148808
37195194
37185187
37168865
37191059
37148446
37155975
37154135
37182237
37192498
37175452
37196827
37154843
37167489
37144973
37147931
37157221
37178208
37185353
37177630
37169590
37126322
37168770
37137324
37197918
37148617
37181364
37200213
37192751
37177033
37175493
37105967
37133308
37139198
37140932
37106357
37107295
37158096
37095514
37146531
37121671
37113569
37100231
37142830
37119103
37149479
37148319
37141883
37132574
37142214
37140454
37111846
37131740
37123125
37104856
37119739
37125198
37096579
37133101
37087188
37127140
37055356
37152592
37092302
37137565
37135343
37099111
37095577
37116043
37100881
37105474
37112887
37073977
37146978
37125702
37146300
37135425
37138870
37117161
37098032
37150579
37080406
37119035
37145790
37142210
37130107
37077355
37106759
37096986
37131627
37129688
37147970
37117152
37084639
37116504
37139142
37090256
37141810
37095460
37129243
37133338
37102288
37112916
37136776
37136271
37114770
37118383
37090991
37049289
37159157
37092896
37067346
37049499
37104323
37131542
37103101
37126443
37145958
37130590
37146409
37102047
37117779
37139466
37105985
37146605
32525162
3
6
6
5
2
2
2
6
2
3
2
