92902804
92827196
92923740
92943169
92893057
92903520
92849679
92943666
92941849
92876912
92756963
92801454
92719382
92939139
92941646
92937562
92831338
92891282
92870322
92936896
92939588
92872384
92811592
92935372
92942209
92878970
92892668
92809658
92805583
92779062
92942679
92762060
92695693
92901051
92897387
92822337
92914973
92803258
92857665
92757234
92864417
92756810
92707702
92689009
92820779
92826334
92826165
92798219
92892549
92898464
92732661
92770318
92899934
92752342
92655064
92713944
92833019
92871900
92820006
92875516
92778153
92764930
92877470
92913499
92776751
92810812
92770072
92883937
92811693
92793528
92822571
92767209
92934733
92925094
92743528
92783981
92917876
92907712
92816583
92693781
92802175
92917808
92886854
92738391
92832563
92913392
92905715
92924109
92763936
92825907
92698570
92804159
92858091
92885487
92725846
92683164
92888458
92902406
92886909
92900457
92863606
92902462
92795220
92918750
92862007
92876090
92809066
92798494
92819305
92932186
92767845
92943957
92786458
92938504
92777249
92895261
92857578
92918772
92885326
92953011
92873966
92891818
92790130
92929426
92890588
92932155
92928781
92824473
92814366
92948180
92895050
92914546
92914357
92896167
92923058
92843055
92921421
92947335
92851244
92926483
92950309
92936981
92950058
92929347
92798754
92930329
92745260
92851743
92754809
92904266
92819204
92825450
92904466
92772198
92821643
92772135
92880575
92952309
92870285
92903082
92881133
92911865
92948585
92946901
92986592
92891515
92936436
92844937
92895886
92886083
92862157
92843171
92908131
92912640
92898740
92918943
92869469