92836241
92950463
92978155
92787274
92828450
92864185
92904535
92924284
92930765
92941117
92844092
92818969
92838285
92934391
92897259
92930239
92835162
92928263
92857656
92918814
92953808
92809657
92800508
92950570
92992280
92935185
92688892
92851788
92925087
92851021
92697284
92879634
92822105
92806281
92804486
92923131
92802724
92939114
92900286
92913424
92770727
92839282
92689444
92912644
92778242
92933165
92712732
92831981
92891935
92847067
92680555
92713578
92846500
92905177
92863527
92801909
92843482
92895008
92908992
92901366
92900439
92937616
92905846
92789571
92815978
92919896
92807272
92931338
92885705
92946819
92901352
92916792
92952127
92943067
92825483
92768812
92910524
92937813
92942384
92863050
92741806
92951381
92728905
92730994
92766884
92678989
92700828
92830093
92913639
92845464
92706070
92801627
92695725
92796936
92949925
92928502
92825804
92827731
92830241
92817899
92841104
92875275
92839418
92934638
92734073
92903268
92748617
92719864
92852560
92818408
92892617
92803433
92774651
92719634
92881562
92696638
92908167
92913514
92814418
92901235
92851971
92935904
92916450
92804639
92836751
92698972
92843677
92701189
92833920
92802447
92837965
92900085
92910314
92885655
92921659
92951981
92745573
92884142
92707019
92891697
92793980
92883740
92930739
92840271
92931580
92890186
92905833
92921801
92754519
92875894
92884585
92744777
92930469
92870809
92908665
92838915
92856248
92918887
92824029
92936451
92806750
92793091
92774591
92853936
92815308
92839590
92816474
92830996
92794053
92824987
92936684
92758290
92807536
92783629
92723136
92941322
92812167
