92916340
92898634
92813895
92765768
92942410
92873816
92935469
92900074
92933004
92806843
92935844
92808866
92894049
92891649
92878926
92875218
92893712
92904223
92933529
92937492
92897018
92840736
92775249
92828098
92862486
92799938
92945808
92934765
92829998
92810054
92873450
92812436
92849513
92937672
92810730
92839638
92947500
92813075
92897065
92809663
92806326
92935358
92865771
92927760
92857758
92942952
92845508
92801190
92802859
92901640
92810347
92824218
92811864
92880082
92923485
92854149
92776034
92943580
92880616
92897274
92856674
92913566
92944615
92789843
92947137
92937099
92858638
92953619
92718981
92967082
92908950
92843748
92943332
92968207
92810792
92844219
92888019
92940076
92927375
92954432
92832418
92908744
92922508
92915505
92960594
92952688
92743163
92936617
92810693
92927194
92870221
92837457
92725607
92925532
92890352
92940248
92944673
92803766
92866963
92958262
92842478
92796137
92912060
92782627
92744444
92953730
92939209
92879158
92936337
92951649
92846585
92841605
92901285
92925896
92727334
92852542
92820521
92856945
92918077
92842212
92927369
92892652
92958850
92951612
92809340
92834725
92898949
92851399
92898798
92754742
92923394
92945944
92842645
92916875
92864465
92841591
92843163
92826965
92807461
92810234
92839542
92934222
92872490
92973739
92817607
92814020
92811608
92698109
92974679
92940132
92935988
92981920
92780490
92873819
92815991
92821146
92843238
92678781
92959034
92839156
92923050
92896109
92837610
92691726
92746107
92781824
92921591
92844440
92883324
92797831
92885572
92847101
92801777
92805314
92905395
92691678