92807045
92688851
92745792
92704449
92837976
92758312
92756527
92827107
92799767
92890733
92872159
92881255
92818664
92886083
92766746
92947291
92870473
92856966
92955838
92842314
92967675
92962613
92914956
92948432
92854084
92911665
92849957
92869981
92937453
92857966
92854708
92987051
92951635
92898199
92978098
92956931
92882656
92873389
92943261
92857982
92965183
92977934
92853909
92864899
92866240
92857588
92937121
92796225
92898105
92913524
92935518
92900129
92839211
92912254
92847780
92916123
92952675
92972394
92720158
92794384
92906716
92824874
92834720
92859279
92920499
92731117
92887230
92857906
92924278
92921399
92689549
92841172
92696782
92714395
92946336
92783877
92789672
92709419
92834781
92935514
92774610
92792849
92770349
92928163
92890808
92828976
92706580
92845624
92813457
92905174
92852123
92820483
92942584
92823542
92967347
92716139
92918920
92730520
92956128
92907528
92900474
92840673
92848990
92833690
92831671
92890658
92900956
92825652
92714383
92855477
92829294
92942481
92786817
92898296
92962544
92937110
92882570
92931739
92911642
92912199
92866126
92922388
92773901
92888596
92839796
92796392
92764744
92787638
92895696
92744654
92768637
92721990
92648908
92767096
92756787
92836323
92818341
92753093
92864108
92826409
92670153
92897182
92742480
92779940
92703527
92661295
92718619
92789131
92912345
92744685
92760597
92808142
92776302
92904747
92896780
92890126
92851422
92771814
92912503
92931764
92775947
92878602
92896838
92809883
92897601
92842981
92878221
92926669
92773482
92829816
92790425
92813165
92913094
92921306
92945819
92853576
