96919452
96953823
96836343
96994557
96831608
96968720
96914184
96959700
96968350
96986944
96977526
96863329
97003978
97003554
96911736
96857790
96913024
97015833
96973696
97056586
96809208
96980190
96888601
96931323
96857435
96904291
97020820
96927018
96985037
96779328
96838715
96774488
96906304
96835004
96995930
96896552
97016946
96881706
96890770
96973027
96893301
96989992
96913002
97016903
96855210
96932542
96855871
96820474
96867068
96984269
96893733
97005287
96924658
97002862
96885874
96902537
96984133
96988393
96939292
96795931
97001130
96969724
97005781
96899983
96995427
96956460
96922638
96876383
97016208
96920634
97019136
96884093
96867853
97004183
97041736
96903228
96937539
96940058
96863469
96993196
96951666
96875281
96901091
97022928
96906389
96901284
96944668
96912731
96947767
96880203
96842362
96964571
96849821
96946515
96921821
96989212
96983215
96819914
96858247
96876000
96865810
96971495
96847750
96882674
96743823
96826406
96874839
97011302
96999896
96980286
96906707
96848259
96786859
96934375
97001741
96943936
96875711
96892520
96928418
96917139
96821205
96933562
96979321
96975446
96862354
96874376
96994458
96853145
96858926
96848868
96990617
96911413
97007778
96818140
96855676
96935091
96842763
96773584
96973178
96809962
96937493
96896895
96896588
96782880
96943457
96824420
96845411
96976952
96934107
96813352
96982899
96867366
96989021
96855752
96948656
96923546
97012035
96998091
97014975
96941959
97029434
96992654
96989879
96844506
97005713
97012605
96963487
97025979
96907288
96884734
97020091
97010550
96998376
96845969
96999232
96996964
97015606
