3
10
33105468
97002355
96902312
97007180
96898848
96947246
96996472
96978433
96988283
96946765
96941864
96985359
96931147
96979966
96995426
96963633
96943727
96951657
97002822
96920008
96869494
96981821
96873188
97009200
96789758
96973460
96998266
96889129
97001541
96875409
96988848
96865877
96983528
97022990
97004051
97005052
96942659
97011561
97014512
96992458
97024307
96993131
97016581
96983514
96898041
96923697
97008686
96874687
96989382
96887496
96898221
97009015
96993037
96996759
97022076
97009972
96852040
96988438
97031267
96929258
96988366
96993614
96984897
96999515
96915745
96997963
97001441
96994530
96958688
97008242
96968198
96942418
96931401
96891382
96936911
96910544
96984874
96898691
97012069
96875604
96955826
96910032
96950328
96957452
96791905
96993700
96910417
96871419
96964049
96915704
96960360
96996142
96887845
96988648
96982524
96898131
96992553
96862052
96903632
96992997
96980109
96837121
96936346
96959084
96980131
96997104
96943700
96995124
96983004
96896531
96771055
96870856
96862491
96884351
97011819
96984357
96882563
96926559
96976859
96931231
96912900
96989249
96885139
96983125
96775297
96850971
96872826
97011093
96849868
96774793
96932583
96954142
96875833
96919713
96994653
97009167
96941704
97010242
96989650
96933470
96866760
97004161
96731994
96888089
96974301
96860971
97018424
96752087
96991530
97012825
96897018
96975389
96873073
96989175
96951583
97018417
97012933
96818587
97022038
96904290
97008472
96935786
96914469
96905576
96911843
96857796
97019460
96885637
96877466
96915084
96951204
97007150
96919907
96907904
96917792
96983694
96988454
96982707
4897453
3
3
6
