92282899
92866410
92832417
92869541
92830547
92924981
92848950
92808018
92871932
92923430
92770334
92784881
92707690
92917584
92900417
92817466
92786026
92929537
92874120
92917525
92926426
92937157
92919152
92920112
92735795
92903586
92883423
92927446
92876841
92896892
92881442
92946120
92735147
92943945
92946026
92930576
92835610
92750183
92859130
92922523
92904892
92820108
92859394
92860201
92962053
92915419
92921297
92856690
92751934
92897224
92723121
92937573
92844253
92924753
92908233
92866891
92937925
92839232
92829108
92793185
92927953
92926559
92824069
92927903
92907898
92821125
92802601
92921291
92932134
92852001
92859075
92890617
92893585
92820890
92914584
92839880
92893810
92871311
92905044
92899942
92912039
92824698
92846874
92934798
92908689
92886745
92922543
92785798
92766457
92940638
92944671
92875462
92890644
92881803
92823745
92912511
92774972
92924740
92893201
92836769
92852772
92940689
92951009
92842821
92941666
92887240
92895849
92931140
92807172
92944815
92734623
92813081
92928719
92905118
92819337
92934265
92798988
92888744
92855192
92881357
92900986
92878288
92969783
92944182
92939360
92899114
92919947
92976330
92979537
92957522
92977892
92789736
92726551
92843471
92735705
92920963
92832729
92970375
92826043
92830218
92914183
92814245
92823878
92824185
92822569
92911448
92762306
92941284
92840484
92990659
92840227
92964881
92821947
92838536
92857632
92777814
92851760
92907701
92868874
92782654
92849646
92910819
92818670
92866148
92819523
92833424
92834431
92809822
92881614
92941943
92974826
92729261
92776916
92703436
92733718
92716501
