92932372
92921479
92850327
92859731
92875482
92938142
92965718
92897056
92854842
92825123
92816531
92939696
92828486
92911503
92919811
92946272
92931705
92933444
92831182
92816859
92971025
92827015
92830847
92819999
92827705
92885579
92849328
92719647
92757643
92912326
92926264
92904075
92908046
92760328
92853191
92877163
92790401
92884765
92900233
92885756
92883957
92948891
92810120
92806872
92780027
92834238
92956657
92860111
92950659
92896954
92930300
92729878
92741507
92827882
92948876
92900368
92822715
92795868
92901345
92812922
92866168
92920198
92956995
92808112
92936467
92872040
92798550
92889157
92938177
92887293
92812408
92893840
92928852
92849871
92929735
92942369
92969236
92752856
92941801
92936533
92954774
92917448
92932815
92957894
92939815
92846426
92781242
92748342
92833608
92931529
92840690
92726044
92881711
92923298
92930316
92899053
92939355
92917107
92916859
92857307
92875102
92889143
92793394
92921701
92896302
92845062
92952975
92952091
92947859
92740981
92944873
92886733
92955130
92881767
92947205
92961691
92915823
92925123
92953324
92929923
92950410
92926436
92952694
92867214
92853253
92758843
92930564
92828473
92988222
92959664
92858474
92979033
92951317
92968626
92841116
92879611
92913130
92912562
92939496
92873735
92830473
92802782
92850667
92835730
92933235
92750497
92935478
92736069
92834849
92950746
92842892
92928984
92811395
92877536
92934489
92828855
92925499
92842086
92893989
92875197
92843332
92724919
92828293
92872305
92845358
92933268
92811150
92846101
92811655
92815309
92882231
92717866
92832968
92923299
92952888
92851697
