92835030
92875248
92962630
92787539
92878185
92896586
92939570
92921873
92936172
92888922
92715321
92829759
92789878
92944517
92956946
92835947
92826718
92969486
92968901
92743982
92861910
92970438
92848581
92911221
92842632
92841337
92853962
92901090
92875960
92808958
92957779
92960257
92823743
92914394
92857401
92897660
92798354
92949638
92938206
92914146
92897617
92921740
92956585
92937953
92950155
92938172
92841672
92876550
92902576
92918576
92924523
92919892
92907842
92836445
92819738
92676797
92751489
92785028
92790160
92759238
92812459
92928140
92833302
92760872
92688274
92768594
92893503
92809947
92834787
92743945
92791781
92901827
92882336
92855577
92833195
92784461
92803635
92821977
92817989
92727631
92925399
92931454
92833116
92938640
92899641
92886749
92908974
92905064
92912717
92870668
92874746
92916549
92921747
92904664
92780498
92936614
92906468
92805548
92682658
92723077
92895369
92930406
92873492
92874310
92810397
92828465
92898387
92772743
92886818
92901042
92816936
92899225
92947621
92847648
92817130
92706452
92927410
92895456
92783319
92872321
92869881
92905501
92894502
92814427
92910476
92848156
92895617
92807961
92902568
92902055
92928347
92851905
92881931
92798950
92887948
92691754
92895781
92869357
92770032
92923657
92861029
92777160
92876516
92785318
92829580
92945275
92893507
92914048
92886601
92935910
92947209
92822166
92840642
92773906
92845168
92758943
92951006
92921670
92821050
92854851
92862891
92719594
92951836
92790810
92940943
92905544
92853847
92852992
92867790
92886814
92763876
92812948
92822495
92946355
92866959
92711690