92820247
92944353
92892565
92820842
92831910
92941533
92930102
92920661
92794048
92806489
92948421
92820736
92953496
92805265
92958960
92921228
92899443
92887571
92906893
92902408
92875913
92937767
92927433
92871038
92725348
92802462
92931902
92891428
92922291
92828001
92934915
92910833
92899912
92828983
92956980
92904151
92924504
92955991
92843586
92857307
92807158
92891163
92877339
92700952
92944124
92889062
92806304
92928169
92940949
92937069
92783959
92826824
92932622
92919522
92916375
92933077
92953893
92937424
92928326
92983853
92871773
92935552
92917618
92821200
92922206
92765727
92807347
92928319
92864490
92728429
92895966
92887561
92800117
92693419
92903241
92916879
92699525
92901085
92705434
92826559
92757207
92907069
92902720
92737719
92803612
92857394
92921974
92927626
92921180
92792999
92889083
92861672
92710042
92867873
92842076
92786598
92798011
92808504
92887780
92804824
92816179
92679595
92753648
92784984
92718195
92924799
92816960
92803859
92943275
92962614
92927251
92860820
92929991
92822533
92874068
92787717
92862312
92894894
92964043
92877887
92937938
92924648
92872749
92816186
92830230
92784346
92950956
92904574
92942742
92906105
92839509
92787160
92950193
92869737
92746235
92799397
92906179
92950424
92955744
92852304
92878762
92935570
92963706
92948118
92934739
92959789
92947317
92950629
92826338
92907024
92812426
92800438
92820013
92928762
92820862
92813676
92919116
92913153
92771630
92893812
92903289
92919000
92885287
92794201
92870744
92887803
92933859
92945263
92834578
92947877
92741444
92960017
92791103
92894514
92801255
92926065
92633813