92834014
92956063
92876773
92976828
92982484
92854329
92980575
92855764
92852784
92791663
92987706
92987144
92915239
92992082
92987756
92932688
92869706
92949703
92977870
92954180
92858075
92957236
92856803
92918257
92706061
92939696
92912214
92885268
92969598
92950528
92986569
92878690
92879625
92895264
92931323
92934999
92917319
92947773
92954182
92895152
92896093
92881595
92903666
92827408
92926790
92977557
92964793
92900063
92820388
92929595
92860501
92802240
92911187
92872788
92953741
92943511
92857442
92807918
92862381
92908803
92899972
92846677
92880625
92913852
92883431
92933676
92914648
92924614
92930624
92805323
92911146
92940529
92958002
92947910
92761263
92832861
92971137
92949959
92845398
92922453
92927721
92857360
92906868
92705674
92805452
92968121
92745860
92783659
92824179
92894490
92830360
92876266
92940595
92948746
92932516
92969865
92952791
92932967
92956660
92939942
92945076
92925169
92852771
92931453
92864806
92931511
92970247
92945876
92954671
92908245
92811746
92915666
92936263
92946882
92859306
92884961
92734885
92814645
92836438
92884939
92792455
92745763
92865052
92840167
92946207
92815939
92714447
92944073
92765649
92813160
92901021
92831058
92859458
92736651
92934240
92884261
92841394
92876861
92961627
92891533
92968339
92940373
92861860
92919993
92840274
92912852
92929298
92879742
92956102
92934163
92914838
92975141
92902298
92860201
92908127
92806815
92951133
92730733
92712679
92888395
92810955
92836273
92824123
92850986
92919418
92894174
92899544
92848995
92720886
92965830
92901199
92877822
92950829
92813264
92877174
92921992
92929605