92712871
92804304
92853805
92864561
92831161
92769613
92831836
92812484
92778499
92868946
92782676
92855346
92799229
92812463
92686114
92881512
92887016
92803233
92886761
92821089
92777043
92905418
92824958
92834069
92896500
92864734
92910400
92831649
92930210
92847413
92925019
92921967
92823562
92926830
92935260
92846425
92914630
92924507
92817746
92927278
92795216
92924623
92913456
92866909
92924358
92928839
92920232
92916972
92924375
92904212
92911378
92692059
92920847
92700974
92902575
92907096
92919634
92901748
92877583
92902633
92834263
92910324
92800988
92923657
92868623
92690907
92760618
92886840
92891257
92842987
92885235
92898044
92855052
92853551
92800952
92834683
92822027
92825267
92895560
92777307
92871379
92913782
92934392
92921837
92819897
92857209
92940983
92795510
92921133
92797989
92801360
92908774
92859876
92771831
92902649
92901435
92897485
92901101
92839293
92814924
92773400
92732559
92808271
92830843
92875982
92923385
92776565
92880965
92836106
92836947
92796966
92894383
92886719
92906042
92874122
92825032
92793886
92762112
92886302
92908797
92899285
92829242
92935510
92934367
92870587
92915103
92743543
92849308
92880632
92919745
92909711
92750889
92837229
92835703
92920678
92800179
92916838
92818233
92886529
92886372
92898337
92926512
92919210
92887544
92837354
92904707
92834027
92871518
92909396
92897016
92811698
92933938
92834059
92809216
92881261
92946045
92921371
92816471
92905178
92932439
92900962
92954521
92903738
92865908
92890313
92916595
92734850
92933491
92925201
92947160
92870109
92958805
92960889
92934029
92967697
92958608
92975471