21645951
21642996
21638849
21649897
21665930
21662766
21666609
21668407
21613798
21662746
21652445
21658967
21638933
21654034
21637278
21657559
21660986
21667991
21649738
21652253
21665318
21635226
21660549
21657381
21655531
21636535
21659913
21664317
21667152
21657261
21669591
21662023
21646921
21664917
21637152
21659651
21665788
21665014
21659947
21669714
21660185
21625609
21662573
21663624
21664212
21650054
21644420
21664108
21636217
21650338
21651694
21646905
21653314
21666186
21660942
21658224
21641367
21641177
21652058
21637045
21660653
21608765
21657983
21636713
21664196
21611499
21659470
21657236
21665198
21666685
21664832
21624818
21659176
21659298
21657990
21638130
21661043
21664445
21663987
21638050
21667753
21651744
21661006
21636622
21666650
21644515
21648834
21649068
21657584
21643712
21663620
21643765
21667340
21665281
21659059
21664833
21666827
21654425
21659422
21645026
21651992
21652649
21660214
21635910
21632863
21646315
21636731
21633269
21652800
21653506
21661547
21626291
21644209
21640286
21664307
21641337
21670878
21667577
21644289
21663015
21664499
21616680
21633495
21662166
21643521
21649717
21667224
21645321
21660413
21624840
21660694
21661076
21661971
21653212
21654939
21658025
21664682
21661951
21658369
21666827
21647009
21658996
21659814
21634391
21643337
21626643
21646830
21651599
21662538
21661921
21637355
21636771
21665711
21669805
21667371
21661828
21658796
21666712
21662210
21661645
21659065
21638266
21636736
21646272
21666319
21634430
21662149
21619019
21636712
21641426
21654575
21665363
21641309
21629122
21661679
21669849