92850549
92916597
92891333
92780840
92828843
92774460
92769532
92775595
92815946
92850022
92876105
92803890
92847061
92809612
92782234
92747383
92783211
92883331
92805251
92906115
92889951
92783400
92900848
92797136
92883752
92781077
92893458
92847803
92894724
92783556
92892753
92838286
92840630
92796671
92765598
92740156
92843083
92853918
92661565
92813865
92793029
92864175
92804698
92803193
92908673
92844498
92744388
92776609
92676511
92679544
92793905
92760336
92644108
92907667
92720494
92727932
92860633
92851383
92745555
92768853
92860942
92855858
92862558
92748895
92731011
92832815
92821543
92702116
92838430
92735056
92740208
92773109
92862336
92843249
92796328
92692221
92732618
92856561
92742795
92812728
92871327
92862068
92819608
92832378
92850253
92635290
92838307
92854908
92843797
92836139
92741993
92806592
92833798
92711828
92846805
92677889
92773911
92846984
92876925
92831255
92762316
92790338
92882745
92799326
92878115
92826103
92755038
92838742
92712937
92816159
92762905
92840741
92859381
92821184
92751242
92830011
92826658
92816360
92870485
92712530
92725481
92813616
92730653
92853262
92864078
92869364
92829304
92876053
92824618
92762444
92806790
92864612
92852184
92758808
92854086
92768828
92694232
92686494
92753339
92776002
92805208
92823208
92839901
92844013
92724717
92764851
92712748
92778559
92935887
92806038
92857140
92915810
92903697
92762897
92772258
92684756
92911593
92857051
92787678
92777119
92788462
92852131
92882073
92748810
92777517
92767495
92874474
92738341
92889834
92785950
92764426
92872870
92694408
92778614
92771926
92831575
92865814
