96816569
96866513
96986512
96990919
96961488
96979542
96889504
96964492
96893732
96969137
96996575
96975163
96911341
96978186
97010011
96955065
96995209
96929700
96945826
96952513
96922056
96967053
96951782
96961902
96950374
96848887
97001478
96789103
96961797
96957983
96896139
96935080
96930427
96914506
96870451
96829955
96988155
96967271
96976792
96992384
96899605
96927371
96946991
96856757
96987309
96991945
96916649
96981000
96830268
96838209
97012669
96887926
96974716
96892414
96876740
97026482
96833958
96973100
96836382
96938149
96882396
96751135
96866735
96980752
96994940
96990357
96891379
96872505
96787833
97007643
96748045
96866399
97019437
96894554
96904319
96854117
97012832
96927378
97006001
96939705
96985207
96921147
96855888
97014946
96846836
96942140
96978766
96958574
96893085
96989701
96875683
96940662
96956110
96980644
96880934
96992721
96912020
96979120
96985883
97041654
96869021
96907322
96917704
96973710
97000890
97005702
96770016
96983283
96897377
97007196
96855489
96961102
96964064
96900026
96776099
96883446
96956165
96926804
96747345
96854443
96845010
96928589
96903718
96875432
96842266
96891679
96728149
96743847
96927938
96865561
96900468
96855678
96898718
96890481
96939419
96859607
96909470
96907317
96873310
97018670
96785041
96837214
97006175
96848422
96779464
96894647
96871445
96880458
96896063
96939017
97036944
96862557
96875772
96869852
96858961
96936699
96852638
96913133
96975111
96998031
96891162
96952365
97016551
96968390
97028934
96889329
96962883
96856292
97006900
96914531
96971384
96970215
96918096
97014302
96928040
96886190

