97032824
96942042
97019217
96857233
96944243
96851226
96957919
96914758
96948409
96964833
96872723
96877178
97012907
96939478
96996796
96841535
96955011
97012825
96997838
96954105
97029040
96965724
96982339
96917534
97025262
96937884
96829194
96906420
96969891
97000077
96885757
96950465
97014098
96970645
96930833
97017663
96876073
96884716
96975416
96927252
97006021
97020099
96812965
96934293
96904596
96986356
96882316
97011600
96898055
96916036
96758377
96863948
96947219
96903876
96786221
96906195
96977206
96959747
96973522
96767403
96942368
96960677
96971323
96917930
96975225
96980361
97005260
96888637
96860197
96842491
96851752
96809459
96858591
96943044
96878478
96999332
96878385
96771236
96933105
96850607
96850191
96865727
96884544
96855991
96978323
96987175
96857264
96975536
96982332
96985402
97003609
96871879
96993208
96909230
96817558
96966198
96864331
96988415
96925903
96990788
96951129
96991709
96922631
97001076
96960046
96993040
97002684
96998174
96994807
96851865
96843688
96869076
96855089
96978795
96844994
96756025
97006378
97012656
96932177
96960119
96793518
96760132
97013906
96827017
96852381
96928146
96961364
96856810
96940142
96910397
96804011
96855497
96864453
96762689
96884248
96853489
96869191
96867600
96865026
96873944
96836180
96848932
96953565
96749382
96989527
96881793
96883194
96845404
96917980
96727603
96862769
96839980
96871855
96986740
96881594
96786784
96876091
96884496
96861040
96990097
96875512
96863759
96845352
96851713
96851658
96901390
96900731
96904695
96987175
96896122
97004968
97019123
96894625
96998665
97001741
97009602

