97041983
96797853
97009994
96906111
96963749
96748615
97008437
97004107
97014026
96941110
96992097
96833584
96840862
96869382
97002362
96939182
96983643
97000015
96986960
97021700
96894607
97017788
96964596
96882988
96894926
96785804
96794224
96857043
96892822
96987997
97004553
96894856
96989506
96813590
96965287
96930218
96999394
97009513
96999382
96991618
96977315
96863435
96958146
96930283
96996667
96985425
96910941
96993583
96920600
97011779
96891903
96987186
97020426
96978920
96978252
96871065
96910253
96923691
96957599
96984780
96975103
96982729
96957503
96986251
96962281
96979507
96971818
96960078
96723618
96901249
96970467
96892373
96966565
96806244
96967683
96910812
96969075
96913783
96843093
96951167
97000024
96966941
96933415
96997004
96977738
96978495
96975307
96925670
96839449
97003812
96836055
96968715
96857842
96883035
96777003
96868049
96873072
96974990
96874918
96842980
96955160
96964968
96933142
96912736
96901175
97007431
96991660
96995239
96909031
96981486
96996280
97008315
96995429
96942252
96887463
96987301
96836796
96972331
96962616
96882852
97017604
96910139
96956870
96915073
96952246
96953882
97005371
96986294
97020402
97027985
96994105
96869020
97006395
96866015
96976685
96978516
96923324
97014875
97013336
96814809
96941989
97033132
97005630
96937336
96927000
97001906
97017062
97018616
97004778
96921757
96979883
96969419
96945203
96931265
96894766
96998844
96900135
96983655
96973108
96928605
96961574
96949295
96961813
96995495
96899693
97030211
97018435
96885112
96881974
96996615
96843463
96827825
96973957
96926745
96875611
96937690
