96965823
96708503
96884013
96823478
96940880
96876207
96952514
96925432
96947060
96944065
96975460
96945879
96900836
96797332
96878753
96703855
96936552
96702975
96957874
96798420
96834570
96807570
96927053
96724958
96871412
96803053
96762505
96907133
96967908
96836786
96920614
96971185
96764483
96823679
96936270
96947310
96966249
96810162
96979418
96933188
96867047
96765462
96954738
96862707
96856818
96811561
96964959
96760541
96922545
96840996
96961977
96962011
96778273
96757299
96923647
96955284
96848792
96846094
96832856
96978913
96936374
96987664
96825190
96962131
96976259
96978679
96931261
96874224
96826163
96942113
96756215
96872120
96841648
96957629
96748901
96974383
96947375
96966736
96789984
96904323
96940907
96961921
96730134
96959171
96832198
96889109
96808430
96925793
96795587
96904615
96967199
96958261
96772017
96986663
96989865
96947883
96806226
96962910
96911767
96882334
96815575
96948573
96928952
96844936
96697707
96887880
96843028
96774230
96778054
96962458
96938128
96972693
96814504
96855591
96935736
96817391
96942342
96819082
96846895
96810745
96869296
96835160
96924839
96927947
96909229
96790336
96796336
96830424
96903762
96815681
96841725
96847187
96972061
96748501
96945728
96815840
96952949
96813297
96860150
96799337
96927715
96824589
96862620
96811468
96960264
96827757
96722416
96795632
96953757
96793883
96861540
96935435
96972446
96935040
96938440
96796242
96867030
96910246
96965721
96823090
96971689
96995827
96876122
96727354
96965063
96971491
96956134
96852022
96896212
96977580
96944064
96692649
96991955
96856944
96816054
96871672
96985868
11097203