1
0
79659772
96811428
96989053
96865286
96974911
96824539
96870075
96901708
96934020
96939332
96819186
96786907
96929154
96828777
96760164
96843911
96948274
96858938
96916750
96953477
96961955
96892681
96947591
96892162
96951629
96908630
96881939
96692348
96912121
96804898
96858252
96734232
96955442
96803546
96839033
96730826
96757388
96847407
96831075
96703850
96734222
96933363
96844998
96813994
96839458
96939931
96804495
96712247
96807830
96916338
96831110
96837142
96818496
96721584
96788134
96792691
96807429
96878821
96716498
96807483
96812471
96759684
96819852
96817620
96821059
96958602
96706482
96816663
96801195
96888843
96822489
96814532
96817955
96838941
96739414
96828684
96829562
96816447
96802731
96979083
96817416
96749337
96834250
96933294
96819207
96891390
96838087
96881847
96775145
96929520
96880485
96851985
96944025
96861313
96789730
96795670
96815953
96852433
96810830
96958267
96798452
96979748
96811474
96801395
96788249
96973282
96737325
96971185
96980947
96798726
96724759
96872019
96881665
96900137
96839441
96977927
96753141
96882296
96853392
96812430
96988966
96935838
96837660
96772942
96995021
96931001
96847248
96929743
96828365
96811714
96951663
96833544
96907867
96931839
96903042
96929249
96989151
96926793
96924327
96950770
96941613
96913748
96859897
96829915
96950007
96871160
96765533
96951287
96832364
96889434
96783818
96962757
96928066
96925563
96907521
96746132
96907516
96798862
96946340
96933804
96834706
96809475
96931639
96919882
96784633
96800057
96751912
96966579
96849172
96835992
96867077
96834499
96842761
96832505
96848247
96764397
96998498
87894021
7901181
7881059
7884638
7883870
1563967
1
0
1
