0
1
0
12747040
15111526
15091248
15097565
15107575
15109811
15090126
15114526
15097623
15109768
15090160
15115102
15106515
15111574
15104002
15110731
15088401
15097988
15107484
15091297
15109312
15109685
15092707
15096923
15090584
15090230
15105781
15093790
15090971
15106997
15095959
15109887
15103935
15110502
15101624
15092798
15072631
15107800
15101574
15109215
15105936
15096503
15096438
15111695
15092939
15076863
15110510
15091823
15107022
15108607
15108743
15109471
15097089
15090297
15111525
15094823
15109748
15079457
15109414
15111997
15108670
15072351
15102231
15091232
15094460
15070008
15107655
15077143
15107882
15089089
15093251
15096010
15098128
15071326
15091542
15093407
15089967
15072287
15084261
15097234
15096048
15072128
15108221
15074807
15094238
15072238
15089327
15076447
15102078
15090800
15092077
15093193
15092663
15078544
15121021
15095863
15091687
15091448
15111599
15092248
15082652
15090198
15081360
15095215
15097773
15091096
15095030
15090087
15090027
15072783
15101806
15070176
15095247
15079690
15109471
15092151
15105928
15076999
15092199
15092006
15084262
15097832
15092158
15104979
15091055
15094855
15096006
15094464
15087793
15079767
15111558
15107720
15083558
15097043
15112619
15101847
15088423
15090548
15090967
15106590
15090551
15108823
15109024
15090221
15089423
15093478
15111277
15113366
15092503
15098557
15112688
15101432
15077056
15112239
15101463
15109854
15092980
15104465
15093658
15110502
15088584
15091408
15085671
15109822
15074759
15078304
15104259
15085303
15072775
15109759
15092860
15106162
15090648
15113063
15108309
15109535
15073336
13365414
1
0
1
0
1
0
