0
9552331
96890105
96768024
96814807
96868325
96944830
96913006
96983835
96868139
96932135
96818965
96841459
96920573
96899237
96711852
96937449
96795448
96952615
96822705
96988776
96921080
96974933
96943548
96847814
96877992
96759832
96928044
96980726
96974680
96915960
96926980
96918290
96859600
96857833
96762650
96895638
96970633
96810738
96934262
96947831
96874946
96895031
96954246
96909699
96868848
96906582
96894103
96921280
96887458
96731940
96895252
96930491
96910472
96835478
96931440
96837088
96864162
96953764
96931623
96895717
96972575
96811907
96965461
96863339
96860320
96968910
96860615
96837368
96951625
96673484
96848110
96937148
96861470
96681522
96854155
96878868
96866311
96905733
96851838
96972044
96951864
96934488
96891585
96739229
96973529
96806863
96878988
96923702
96767568
96897077
96930885
96915404
96934526
96845161
96974450
96890411
96957731
96805744
96970349
96919759
96953941
96837914
96918563
96913348
96928620
96735905
96909621
96977430
96846736
96968009
96869595
96760227
96970090
96953295
96977529
96888133
96939721
96962863
96884913
96975115
96848946
96962008
96971524
96821625
96883915
96816894
96920572
96955946
96869059
96843049
96960779
96964846
96934210
96981606
96844906
96778558
96846563
96962248
96968863
96847090
96905595
96868832
96940538
96956520
96949966
96747682
96943712
96977899
96825656
96913150
96763795
96962755
96763863
96940500
96873602
96982439
96953913
96848875
96945840
96961771
96914650
96984223
96850579
96963338
96882344
96951129
96839848
96959858
96806606
96950544
96799845
96969880
96923251
96846978
96969919
96838286
96877203
96918716
55483960
7900884
7894959
7892426
7906286
7888510
7895774
7901165
7904911
7899790
7899246
7902245
7903497
7893989
7903566
7901934
7902800
7886750
7886015
7902555
7904475
7900179
7904781
7900077
7905161
7900458
7906059
4722054
1
0
3
0
