1
0
8588980
15089803
15078090
15089483
15100622
15098483
15073097
15095387
15098929
15111347
15110468
15108595
15084857
15101614
15108946
15092864
15103429
15105194
15078420
15092507
15101482
15090315
15094963
15077691
15099860
15100851
15094157
15105954
15108723
15105089
15092757
15110097
15077314
15088684
15084716
15094307
15092592
15102371
15093653
15091213
15099295
15087332
15090923
15108596
15110083
15084124
15094779
15108619
15103867
15085660
15089355
15099727
15098461
15086357
15097512
15111913
15093811
15084996
15108619
15082375
15110331
15086364
15076646
15086876
15076648
15106385
15103875
15099634
15077101
15096580
15095379
15110614
15079795
15086676
15095754
15075724
15101433
15100716
15095939
15098034
15069539
15108916
15095145
15104038
15077750
15091717
15109142
15075810
15108659
15082598
15107531
15092286
15091536
15109357
15110805
15094801
15094332
15104688
15082013
15099292
15088107
15105508
15102317
15090566
15086380
15090448
15094457
15102044
15088931
15088811
15092883
15098373
15096987
15082586
15100864
15091444
15092322
15099164
15093923
15102113
15089273
15090380
15101851
15094188
15086155
15092300
15091028
15094916
15086402
15106473
15071604
15090225
15104675
15089047
15086515
15099345
15088421
15093717
15071242
15105179
15088148
15104940
15087988
15106323
15071052
15087475
15088108
15082538
15110290
15109355
15110804
15088840
15107253
15087530
15112442
15087005
15109617
15082515
15076672
15086283
15104421
15104217
15090187
15083108
15104182
15101251
15089838
15080835
15110500
15106371
15103699
15072067
15109164
15110027
15097085
15073328
15110501
15091794
929200
0
1
0
2
