96841549
96955119
96742972
96976552
96828711
96954972
96859560
96964887
96830991
96978366
96833605
96866307
96824684
96897324
96822063
96932551
96833850
96856923
96822593
96885770
96826759
96984564
96729737
96970902
96821618
96965403
96802360
96959705
96852065
96804610
96773309
96909179
96848963
96885098
96988886
96956176
96919784
96857127
96841962
96853003
96844915
96972295
96850409
96864036
96750726
96971698
96761773
96826702
96876983
96850429
96944002
96825678
97000345
96807683
96885821
96824967
96984264
96843006
96878999
96843909
96979782
96811974
96894481
96842780
96959524
96822427
96922982
96739949
96883588
96729371
96974054
96952999
96912884
96745996
96943467
96814127
96966030
96885994
96942216
96731533
96958304
96820919
96955359
96803852
96963774
96811355
96843789
96832118
96796686
96818799
96852004
96863293
96951954
96930173
96976106
96862788
96978949
96916349
96816358
96862503
96930043
96775265
96825491
96977524
96783326
96731402
96818821
96905457
96842514
96743237
96802640
96929018
96863982
96730814
96785850
96817760
96720012
96942905
96800300
96966781
96746667
96946162
96698955
96748573
96811296
96833188
96828849
96935999
96802674
96953696
96817912
96950462
96812894
96855508
96806240
96830279
96718448
96939220
96807210
96777493
96795459
96757989
96826253
96924771
96849397
96855973
96765507
96932041
96744936
96848678
96707308
96919948
96765267
96777066
96703596
96808196
96809398
96923050
96806503
96917446
96925834
96797474
96843912
96908078
96795860
96957241
96713916
96968032
96718210
96747167
96895952
96768315
96836037
96995508
96831903
96847998
96822908