96837554
96862185
96844655
96958190
96969900
96842606
96761066
96853018
96841103
96960493
96879154
96925104
96821598
96767570
96867292
96853390
96764541
96946782
96952992
96838907
96876747
96832548
96831214
96805269
96876443
96812877
96910992
96962186
96948342
96951240
96792891
96916220
96806565
96813578
96943968
96824866
96724303
96842667
96849047
96875101
96724406
96838828
96903759
96786471
96847613
96851917
96827561
96848020
96859158
96927744
96900884
96844681
96850283
96842443
96852717
96807002
96847535
96918303
96793890
96832546
96782163
96820587
96898330
96827701
96845496
96977574
96749829
96920808
96755857
96828111
96813398
96841959
96829659
96841601
96842660
96841733
96837530
96791425
96937508
96941028
96871831
96961797
96968793
96777242
96935556
96799272
96909327
96899401
96845847
96754467
96912897
96835972
96962510
96728127
96803145
96831283
96952122
96851745
96737802
96852113
96861376
96740480
96855933
96724822
96743973
96864340
96858399
96962146
96901377
96859367
96912757
96835535
96727908
96886514
96944424
96881890
96918674
96816176
96857045
96845488
96871987
96840849
96858382
96869246
96748014
96838888
96928273
96942409
96805821
96948999
96838525
96920343
96825210
96916121
96927167
96917211
96840719
96740694
96935367
96849388
96760247
96834592
96942430
96872043
96924643
96961372
96836301
96842740
96862934
96838958
96817289
96817717
96728404
96947393
96866793
96843626
96853867
96843289
96720476
96854205
96734709
96818623
96860034
96777342
96738334
96743992
96855075
96758840
96813831
96959901
96965660
96794780
96947009
96841016
96856081
96871430