8
2
4
2
3
3
2
3050917
15113663
15108028
15120855
15107553
15118974
15096144
15108587
15095369
15115264
15083299
15079785
15117085
15096741
15099944
15112284
15098226
15104590
15113063
15084737
15113422
15104445
15102067
15101297
15108567
15093937
15108791
15092223
15112189
15109844
15109706
15097538
15110716
15108733
15113108
15081702
15113679
15113082
15108369
15100881
15095994
15114965
15092261
15111962
15108329
15109532
15111913
15110473
15111851
15094682
15115182
15111582
15110716
15093943
15110077
15113881
15106321
15107013
15115768
15094624
15109391
15114350
15094442
15109441
15098415
15102331
15077241
15115542
15078419
15113785
15104672
15100519
15088137
15113672
15111407
15116670
15118321
15115226
15105803
15092442
15114788
15112542
15096447
15111321
15114635
15108263
15108377
15116138
15100866
15109004
15101302
15091375
15092601
15109374
15103223
15092727
15102389
15093348
15113984
15088084
15090336
15115845
15110804
15106005
15111914
15103902
15109544
15088855
15091139
15106907
15105904
15084450
15094971
15087987
15096700
15099849
15093672
15095840
15113566
15079158
15112186
15104367
15094353
15094553
15100323
15106596
15116109
15078688
15114237
15113610
15109045
15110634
15115369
15112926
15111851
15091873
15110804
15106797
15105788
15093046
15104901
15105785
15109484
15091417
15114192
15092384
15103792
15112870
15112774
15114125
15115130
15115400
15116112
15096255
15114027
15098491
15089860
15092141
15112009
15113990
15092853
15114386
15115636
15101596
15096120
15105688
15116396
15094380
15087165
15105906
15109098
15083482
15091945
15117448
15095144
15106871
15089628
15094123
697603
3
8
8
4
