2
1
0
85047347
96984515
96753487
96837750
96733936
96854454
96758736
96912790
96877025
96839845
96950293
96829868
96822340
96853143
96970802
96854238
96959542
96888908
96955165
96780872
96960371
96824121
96884449
96779682
96945571
96792938
96941821
96929305
96898707
96930573
96863821
96890582
96991346
96801626
96903317
96827993
96903556
96823672
96864569
96858856
96974150
96843145
96945511
96843735
96812436
96822820
96943387
96825144
96948596
96837722
96846081
96818241
96863400
96815353
96947014
96807855
96838348
96836505
96939623
96820301
96928193
96865983
96880720
96770351
96893182
96716491
96801075
96820874
96887380
96715809
96865389
96725098
96875709
96905164
97008206
96909434
96731884
96893547
96978359
96833172
96875489
96846481
96992803
96849657
96852624
96971996
96925319
96963525
96744046
96919157
96826102
96957787
96837810
96931129
96835597
96984109
96912925
97005056
96795573
96844298
96865798
96854762
96878994
96910989
96829488
96966758
96877483
96894725
96844981
96975829
96813220
96940964
96864707
96896922
96731461
96965723
96830474
96991468
96860127
96860515
96843511
96946655
96857929
96968117
96709428
96844901
96723339
96835185
96865922
96939574
96848296
96959975
96861426
96880506
96964997
96919485
96858355
96871606
96897793
96827757
96886938
96942364
96971410
96730151
96912869
96913364
96765548
96736719
96968271
96838537
96750382
96751399
96967629
96949961
96850893
96853819
96914587
96763882
96855015
96812865
96894621
96852152
96819415
96868864
96877986
96858344
96830363
96919559
96937308
96729573
96965821
96838677
96915837
96857027
96807530
96833428
96959727
77251434
7904463
7912310
7910275
7901326
7898759
7909333
7906887
7907959
7913432
7904389
7906175
7911349
7916079
7902318
7916505
7916375
7912503
7911296
7905478
7915648
7904910
7913173
7913878
7908782
7915678
7909319
3737407
0
1
0
1
