96878905
96933737
96726864
96953341
96833323
96943850
96812241
96945962
96933346
96819954
96814153
96842584
96836495
96731374
96849821
96824858
96741503
96954090
96931122
96833858
96827327
96925432
96785945
96750105
96817659
96792211
96715889
96881639
96795401
96825705
96817366
96734241
96900173
96728164
96827023
96786040
96824384
96804024
96804998
96796610
96924037
96788135
96795395
96826639
96955045
96698355
96821583
96838614
96925915
96865110
96750716
96835955
96828279
96805710
96825521
96804584
96908804
96955849
96835418
96889648
96920371
96953010
96708238
96880603
96734056
96713478
96721123
96940183
96720149
96951475
96724420
96828777
96837904
96737575
96953299
96822768
96772230
96931660
96930062
96827944
96824845
96782827
96829973
96936985
96815325
96701279
96823056
96802900
96821157
96743217
96825284
96702105
96810474
96845097
96836208
96917517
96707939
96825522
96769993
96932225
96832197
96905760
96778295
96945920
96773267
96811765
96823075
96795580
96801745
96709106
96778557
96723042
96808382
96823166
96838883
96809968
96819010
96827546
96889332
96739187
96814998
96820107
96851655
96753812
96921419
96741328
96959183
96962643
96851814
96851312
96954140
96886053
96822497
96723782
96896468
96827444
96822457
96729985
96858736
96810255
96773365
96867692
96956287
96831912
96836122
96746535
96951856
96750534
96759139
96850977
96858548
96770916
96813646
96730778
96856237
96944411
96837688
96926050
96980009
96850755
96959177
96928770
96879942
96941655
96867410
96760856
96948055
96846823
96974982
96947025
96862082
96945356
96987190
96881226
96860870
96853964
96844614