0
1
52959481
96859039
96826850
96935956
96819354
96827761
96786810
96927579
96817292
96819597
96874903
96835956
96815243
96808873
96789763
96845910
96846025
96818228
96732921
96828464
96854649
96816633
96913464
96928030
96933719
96834916
96973047
96718387
96754995
96817033
96964220
96776782
96917722
96809633
96874811
96816145
96925052
96732686
96958762
96720645
96925662
96827826
96860088
96850056
96935027
96918945
96851096
96823138
96919488
96905426
96932458
96718676
96968935
96726311
96964742
96818872
96862827
96815820
96875435
96735150
96874214
96741780
96906676
96740591
96899581
96861702
96835155
96909885
96864319
96797723
96871306
96865781
96888933
96862272
96845006
96846793
96827779
96713173
96849839
96854495
96897274
96834122
96845210
96925383
96752011
96829156
96710415
96928194
96935426
96845662
96831776
96953975
96845406
96954739
96724339
96830020
96878253
96895237
96929729
96881014
96807676
96941733
96826413
96967267
96751654
96831976
96736575
96952992
96910938
96952909
96874834
96951453
96814249
96861904
96934281
96916164
96919931
96959263
96836959
96733953
96876968
96842081
96919874
96990767
96934199
96949841
96907979
96955268
96811727
96745797
96714998
96833671
96695120
96966728
96838585
96967710
96920748
96954989
96891349
96842338
96798649
96756137
96928641
96729520
96814256
96937618
96834048
96855950
96810536
96911744
96818046
96926963
96741148
96831376
96979539
96849713
96851487
96803750
96960387
96727414
96867028
96855497
96971155
96821451
96854188
96809758
96802585
96719596
96917055
96835296
96850275
96806320
96788862
96783588
96948551
96820629
96800614
96707355
8255684
1
0
1
0
