96894817
96921562
96947521
96739233
96928981
96965212
96938288
96964531
96900512
96934780
96862159
96757937
96922690
96916289
96875007
96977166
96964621
96889905
96845369
96965690
96759853
96929145
96738912
96966775
96835576
96776521
96743035
96976745
96733309
96965453
96828888
96943614
96736940
96882319
96864549
96997420
96825559
96943309
96832149
96948208
96748511
96954430
96705969
96966378
96743576
96858704
96740285
96895883
96914374
96873017
96940190
96792550
96959084
96816673
96706413
96963405
96837131
96946384
96910466
96951614
96911498
96842365
96917841
96869136
96822282
96894672
96929345
96878421
96846787
96918087
96964730
96940114
96953806
96837533
96747861
96829972
96839112
96909395
96834035
96818411
96869669
96945935
96965315
96938398
96873273
96873580
96908869
96812460
96917517
96826115
96951867
96962920
96850463
96805617
96971160
96766562
96895149
96835685
96927861
96704933
96918689
96796184
96954319
96799898
96855680
96809806
96972678
96810582
96783983
96801895
96961980
96850706
96992876
96776591
96885335
96973941
96981324
96725225
96981474
96967821
96876583
96722947
96982627
96866417
96938487
96750636
96982868
96796991
96896140
96851988
96926552
96777951
96897846
96752522
96878688
96738397
96986591
96804960
96945757
96925280
96950882
96855614
96834106
96974193
96881688
96996360
96865266
96968127
96963024
96920269
96978518
96907736
96874281
96981032
96849837
96855671
96969430
96965650
96853839
96850312
96877008
96881826
96812168
96985307
96858275
96952906
96866208
96983277
96752390
96948880
96844002
96877987
96838112
96942067
96950569
96941254
96526110