0
19220951
96827266
96817817
96787425
96820270
96917915
96797666
96921787
96838074
96823905
96932753
96716044
96847143
96734942
96945462
96768130
96828801
96804002
96739173
96715903
96925220
96805090
96921852
96805739
96954773
96705154
96786987
96738489
96915872
96833353
96963171
96737661
96952313
96781360
96785097
96823188
96939550
96720260
96951485
96826669
96945072
96832095
96934406
96840805
96855404
96841130
96969597
96837291
96916269
96842185
96739226
96842867
96903707
96790708
96943871
96807265
96823782
96806788
96970852
96922686
96855243
96928624
96879073
96707328
96969135
96703670
96973948
96723404
96964529
96854398
96860113
96830235
96965418
96758470
96984662
96714799
96836162
96812711
96843834
96722555
96853600
96696235
96844643
96826268
96891146
96809850
96846044
96811818
96990131
96821797
96839480
96773106
96880413
96705314
96808934
96817523
96835934
96894796
96826256
96823465
96822340
96822280
96813265
96871727
96716384
96880930
96814983
96939748
96798121
96916982
96816731
96907906
96732063
96886915
96808006
96897279
96804662
96823537
96834444
96939960
96812799
96766240
96711532
96835246
96816910
96864487
96712374
96843081
96813224
96858730
96815499
96930258
96945987
96827821
96725959
96906651
96700283
96741282
96811505
96971900
96775030
96880125
96822565
96854468
96812513
96904874
96896810
96842447
96813002
96720486
96763529
96947860
96905280
96713157
96812421
96840209
96823014
96831585
96712562
96788360
96813845
96737321
96829085
96800131
96798861
96849048
96836011
96809690
96942551
96952293
96861067
96860560
96729042
96823251
96932672
96973803
96882390
96786131
41375042
0
1
0
1
0
