96744430
96911132
96890708
96840722
96928574
96916745
96837140
96804726
96925181
96722302
96878028
96808995
96878870
96718426
96954445
96931095
96856188
96952342
96823293
96936637
96959554
96878253
96863326
96802484
96906357
96909636
96829009
96933739
96757597
96934032
96813857
96799579
96885037
96835238
96933198
96799616
96900144
96713588
96936367
96938388
96945934
96876742
96910226
96795229
96881294
96814935
96787977
96800803
96958711
96803191
96856290
96829799
96950645
96810571
96958802
96899569
96942629
96864077
96970562
96897644
96952347
96806863
96925718
96912432
96947802
96914930
96879219
96791273
96952978
96827628
96722008
96855935
96883960
96898769
96827750
96931694
96947657
96842548
96813109
96921990
96851551
96807044
96733943
96952053
96807631
96934357
96814264
96898948
96819887
96943691
96694785
96951415
96821828
96847050
96896697
96913244
96930448
96953164
96923715
96755014
96823496
96901515
96858294
96905411
96819952
96937784
96804875
96967040
96804315
96946527
96730548
96947449
96744376
96757406
96803667
96953266
96716433
96965647
96793770
96933330
96699740
96838374
96856863
96894841
96797103
96856412
96867542
96933809
96916318
96851704
96811474
96892007
96833589
96846924
96861459
96949831
96949690
96888124
96978723
96723814
96955652
96915467
96981410
96985359
96887061
96754893
96958551
96954929
96923375
96928439
96881017
96854004
96845278
96954182
96969300
96813163
96885889
96948347
96884469
96829370
96966345
96835633
96914983
96819187
96927076
96950457
96892327
96939568
96941840
96781198
96864193
96877887
96880457
96941952
96910292
96894135
96983298