1
0
1
42286393
96884539
96865545
96854286
96724689
96966340
96814028
96952888
96756531
96843766
96952299
96847032
96836164
96866062
96828299
96827494
96752036
96889294
96831231
96863488
96809893
96727931
96797938
96930176
96699471
96837963
96806555
96930031
96934817
96745332
96743834
96798789
96725892
96860934
96874928
96828538
96943223
96962068
96759976
96931443
96954793
96863669
96851249
96832931
96965083
96724860
96965603
96822601
96947595
96876249
96956020
96875964
96842723
96901747
96707370
96973175
96735455
96896606
96814262
96861233
96743434
96856901
96733331
96843338
96835119
96827085
96967787
96839201
96849095
96847968
96804871
96819489
96880061
96755670
96973237
96728528
96853777
96943906
96855977
96737195
96758327
96803771
96792597
96812354
96739286
96818535
96852514
96845826
96985306
96874736
96971738
96812128
96967189
96786322
96840485
96814966
96960249
96821065
96900031
96813427
96930382
96735878
96821030
96992682
96753570
96962120
96815151
96858392
96964511
96789958
96842016
96818372
96946393
96875922
96922904
96849948
96720004
96928969
96914376
96839875
96876350
96972501
96988409
96898523
96921904
96946835
96849148
96812155
96955328
96973397
96884254
96959111
96867031
96873254
96980637
96924984
96966066
96863166
96969516
96956260
96928571
96855268
96929779
96837188
96960469
96872784
96963323
96988286
96946286
96892083
96925803
96936924
96970796
96864179
96871825
96947313
96869470
96938890
96966393
96859801
96972743
96976013
96977132
96926713
96901645
96972860
96888126
96963710
96828087
96974115
96850188
96855800
96861599
96972454
96947603
96855100
96929200
96969170
11706762
1
0
1
0
