30230071
30158139
30186497
30180766
30206384
30227309
30202901
30219990
30190080
30161430
30192468
30190236
30190573
30200151
30187417
30165584
30186515
30238568
30198965
30226963
30226710
30219894
30233091
30193442
30224399
30219241
30221601
30183220
30197300
30226842
30199459
30224127
30201725
30230578
30217930
30179173
30213637
30203327
30184437
30160084
30179899
30224262
30212563
30180034
30241829
30205192
30207634
30202772
30184733
30188031
30213344
30155070
30227882
30235312
30225692
30191718
30188148
30214899
30216446
30213961
30194564
30226098
30174705
30190666
30186247
30185966
30226019
30180863
30222793
30233317
30230738
30181731
30237880
30206743
30181305
30227489
30222159
30161079
30150386
30190531
30236492
30191021
30210492
30200298
30159065
30151679
30199818
30218464
30188772
30188080
30214929
30191686
30228052
30154295
30210192
30212362
30207188
30225251
30230832
30224336
30184864
30227675
30200994
30190382
30166201
30188195
30193719
30232748
30221742
30195101
30212426
30225679
30221221
30212115
30219686
30205581
30227820
30223107
30223648
30211284
30218835
30191027
30224242
30201167
30205048
30206942
30196022
30196618
30204767
30223302
30221936
30196591
30186253
30191797
30204396
30217654
30170525
30195896
30208579
30194358
30192351
30223312
30189928
30197713
30153543
30231671
30190565
30188431
30222328
30158834
30220655
30173552
30223316
30190596
30159141
30223882
30221596
30230098
30211546
30191204
30198377
30192556
30223806
30196831
30228187
30230038
30213518
30200163
30220370
30233134
30171075
30225154
30226214
30226920
30232295
30212385
30218704