0
3529488
30212641
30222840
30213044
30217959
30209526
30209879
30220452
30188994
30216317
30218135
30182631
30218748
30217781
30207598
30171189
30159048
30191853
30180169
30219971
30216568
30209510
30212957
30179392
30194207
30168817
30200950
30185726
30179162
30190818
30217030
30188057
30156709
30228697
30222172
30147446
30223556
30199861
30202716
30172981
30215037
30206189
30227468
30221245
30223001
30214771
30220628
30216620
30161393
30178446
30194137
30188208
30178529
30192253
30145860
30214114
30184054
30156907
30186919
30188080
30180303
30182219
30206013
30180948
30190047
30188053
30202021
30148966
30165884
30151914
30221188
30166799
30191020
30153105
30221763
30174555
30225152
30156378
30206523
30204964
30187343
30172389
30157232
30197590
30223456
30184950
30208596
30181540
30222194
30215955
30229842
30213972
30163769
30179716
30182021
30187051
30200430
30222226
30202014
30173604
30216803
30214869
30143792
30213512
30220628
30223674
30165315
30198475
30199553
30208762
30164351
30213531
30186419
30175597
30179433
30184070
30210239
30181048
30199816
30188031
30192760
30180970
30210707
30179975
30177945
30181068
30150179
30199877
30202839
30196145
30144409
30222464
30169031
30217396
30187672
30154691
30162032
30193548
30179092
30219987
30179523
30194443
30208248
30210809
30180665
30155997
30155490
30222773
30185460
30152117
30188163
30221852
30189590
30205624
30184029
30191507
30178477
30140710
30181286
30179338
30191166
30208213
30180315
30207730
30182134
30177670
30223093
30192329
30209306
30157200
30215982
30207703
30230905
30168881
30222330
30219270
30222834
30177325
18112317
1
0
1
0
