2
12639022
30215490
30220386
30200886
30170908
30213830
30183023
30152225
30171126
30222900
30212917
30214315
30175871
30228268
30173094
30212136
30153780
30200270
30184166
30179813
30174526
30215783
30212766
30212270
30186216
30206775
30144335
30169299
30179985
30191736
30212927
30209333
30174401
30217266
30146120
30181812
30215790
30173204
30176421
30174396
30222455
30187007
30221381
30186303
30189224
30162953
30214209
30211560
30198864
30152136
30212478
30150951
30216709
30193709
30199556
30191599
30198515
30217464
30216350
30150116
30204655
30198485
30184376
30181656
30200677
30192539
30217736
30173595
30219272
30206672
30186827
30168860
30184066
30227141
30220933
30214090
30186191
30138568
30219993
30176671
30184681
30143863
30203484
30163925
30172254
30184014
30205703
30174181
30181911
30170085
30196118
30177505
30204934
30149857
30173026
30202974
30168469
30146941
30200718
30172374
30181160
30170730
30179166
30174731
30187109
30172134
30170565
30172334
30169866
30163724
30178281
30178046
30173327
30218134
30144124
30183827
30139398
30202108
30142906
30182230
30171853
30210497
30170130
30192695
30171328
30224640
30172785
30186450
30138847
30224297
30163927
30202039
30181993
30187042
30169849
30194298
30142881
30220535
30151180
30184038
30148234
30179125
30153366
30210398
30183526
30211727
30172679
30207042
30170870
30217280
30183348
30209586
30171386
30150116
30187543
30209083
30172192
30210175
30212630
30189045
30172219
30152538
30188364
30144015
30187333
30144200
30208636
30139379
30177118
30152890
30180472
30163035
30185784
30212543
30171484
30175196
30182631
30196161
7744619
1
0
1
