45214861
45337418
45282580
45271709
45322749
45331556
45320691
45328543
45229304
45326278
45250610
45291513
45281218
45279211
45269870
45291220
45326930
45319780
45280360
45258674
45317818
45288661
45227659
45294398
45315137
45319902
45276766
45297714
45307300
45299353
45271342
45330246
45298397
45295520
45287668
45253099
45296557
45262394
45279092
45258670
45274010
45299488
45324289
45268745
45292301
45272914
45332952
45256582
45302408
45258214
45298380
45262809
45332664
45210175
45294899
45275129
45285997
45310336
45329210
45285827
45331239
45269390
45252201
45263157
45333263
45260238
45307861
45326716
45330620
45254211
45280057
45301424
45298790
45285050
45324072
45311461
45273316
45271769
45328173
45317145
45327842
45312168
45309461
45235249
45266169
45266925
45333289
45261106
45282727
45265164
45269049
45258634
45290550
45322099
45304067
45284896
45266520
45286305
45293869
45320224
45331833
45268459
45273816
45306473
45320290
45311823
45246694
45275387
45310369
45310947
45281517
45247230
45309845
45323813
45263559
45293393
45298015
45323162
45225306
45284026
45277090
45261363
45271303
45303976
45233274
45333144
45216338
45298152
45258767
45289824
45216086
45334459
45273717
45297214
45213094
45315466
45321984
45313258
45272370
45287402
45321808
45277516
45267629
45289456
45274390
45282168
45335264
45274612
45273579
45289753
45298862
45331415
45320377
45287621
45313908
45296457
45309954
45284760
45314208
45284966
45313549
45275220
45222517
45335186
45288193
45288239
45301142
45255778
45284229
45318376
45263147
45297335
45283386
45285715
45257327
45288190