1
0
26640034
45337045
45261855
45276225
45272926
45346650
45258466
45311983
45210982
45342489
45260938
45247321
45262085
45239718
45209100
45311539
45256872
45329078
45250614
45272814
45253729
45330439
45253667
45334958
45251395
45290079
45320315
45267246
45273628
45264587
45277121
45251572
45270882
45273787
45302701
45226211
45286210
45270244
45275367
45223425
45311977
45213761
45333076
45259488
45290430
45258183
45333450
45255342
45324691
45249869
45330592
45292995
45303315
45276536
45319529
45257064
45303409
45278868
45326481
45216506
45324877
45259374
45271886
45253829
45319505
45273759
45301647
45263387
45306863
45252033
45327140
45261459
45303373
45257931
45317045
45257548
45223280
45252970
45291339
45264186
45213895
45281201
45278646
45306750
45217636
45262319
45217197
45290760
45225444
45227709
45239278
45315605
45274661
45259437
45258466
45311799
45210928
45298940
45220900
45327062
45267711
45271577
45248360
45286366
45229786
45284606
45267122
45338006
45211213
45324952
45223139
45327972
45216296
45290745
45222146
45324002
45260670
45291205
45274858
45324229
45242024
45302806
45276135
45294479
45267737
45296483
45275972
45246011
45251525
45305915
45269452
45286075
45254133
45330093
45250719
45317956
45279039
45318851
45262185
45338683
45215609
45327192
45257210
45270057
45214404
45334874
45313530
45271591
45304193
45317786
45284429
45240464
45272953
45311598
45257907
45335790
45268747
45304531
45235698
45284294
45255745
45232111
45262348
45291121
45257953
45274681
45232041
45279020
45258747
45274511
45207937
45268010
45211392
45277631
45264695
45290061
45253412
45240661
3807582
0
1
0
1
0
1
