1
12432260
45334535
45331231
45309626
45319031
45329988
45291331
45339846
45338606
45289159
45359536
45346611
45336071
45345491
45303810
45311835
45280063
45274168
45349866
45349244
45281242
45230703
45276177
45263172
45274505
45310939
45335820
45268382
45339957
45295435
45342887
45265813
45272961
45258310
45275173
45284072
45330425
45273086
45268192
45266362
45348436
45270778
45323271
45322850
45348015
45330031
45351298
45340927
45306292
45297135
45351010
45328475
45310843
45342482
45314173
45336119
45338217
45288367
45284838
45328005
45339808
45292371
45306806
45325524
45292301
45337028
45297013
45288776
45335154
45321008
45301381
45325863
45347423
45290665
45342116
45335841
45324778
45323898
45335190
45352909
45284015
45330896
45336374
45350634
45347797
45312679
45305129
45273100
45317017
45329820
45237555
45326185
45330209
45244919
45324012
45266214
45340412
45345587
45288313
45326420
45325435
45250216
45306422
45296297
45348917
45310131
45353753
45277465
45312380
45331047
45287303
45324754
45276038
45323082
45348764
45349886
45289312
45304977
45282932
45255505
45279570
45326044
45333086
45323810
45271495
45309215
45279876
45318092
45297208
45347598
45290041
45291934
45296543
45269540
45263021
45270142
45273810
45246615
45319273
45282875
45354127
45283825
45286427
45337467
45296796
45285140
45223647
45301856
45327033
45280304
45286210
45306083
45331149
45343667
45306662
45310890
45304750
45330246
45269419
45352439
45348996
45236283
45330765
45271436
45320714
45352073
45299597
45305596
45251971
45248785
45280366
45273257
45270615
45247424
45274391
45265195
45324945
45294112
5756608
9
4
2
7
