60348503
60374752
60340619
60363291
60342378
60356332
60345392
60447637
60280820
60360887
60304069
60292803
60307262
60356405
60303590
60354528
60361812
60420992
60348824
60333261
60362395
60357888
60374790
60292226
60357015
60371469
60367840
60355108
60362413
60331129
60300663
60341803
60305900
60335088
60341917
60346461
60299303
60360382
60301257
60363229
60367896
60308375
60299360
60342509
60357189
60364910
60307824
60343876
60297540
60300086
60311215
60345122
60362022
60311860
60373671
60346084
60363685
60346862
60365252
60290507
60362582
60341451
60358976
60340629
60355475
60349517
60365825
60343102
60370733
60364181
60367570
60356851
60443666
60285204
60337968
60356798
60371261
60283512
60345806
60284491
60420808
60347275
60332397
60422381
60406971
60423233
60327249
60335382
60375390
60442539
60361205
60434558
60339427
60387212
60379403
60428077
60360575
60441376
60359082
60354179
60345068
60411339
60281193
60410878
60284718
60401802
60296362
60348416
60343465
60370168
60366244
60435584
60368114
60435538
60375910
60441158
60408556
60388769
60356046
60430860
60359192
60412877
60366116
60442451
60317577
60410932
60357762
60331354
60437392
60424415
60288853
60356784
60306678
60432557
60334074
60411661
60347788
60394111
60342261
60413160
60360440
60411231
60339963
60399731
60347468
60384907
60308762
60372126
60356097
60353103
60338433
60365836
60365831
60347021
60308380
60340018
60368124
60377095
60411491
60309984
60387266
60289990
60358356
60341252
60299201
60341820
60359858
60342424
60383169
60348685
60304460
60281105
60303498
60365495
60314475
60335825
60356256