60432426
60456570
60326072
60471855
60439005
60479907
60405399
60438659
60328535
60394125
60428894
60432014
60446977
60445293
60418690
60346673
60383460
60445194
60371201
60410306
60370947
60306556
60458563
60448666
60393559
60441515
60422760
60291567
60394339
60453161
60377527
60464288
60405535
60468427
60432093
60453439
60418403
60459537
60442296
60452666
60444886
60466513
60391075
60446298
60460867
60398415
60417443
60419930
60460744
60454488
60448694
60452628
60374851
60452990
60448865
60411373
60367930
60460375
60456255
60357382
60336285
60383308
60310991
60434876
60419400
60382958
60460936
60335411
60430933
60448688
60458390
60383472
60460371
60409565
60428696
60422378
60444500
60449740
60476025
60407576
60399239
60447263
60415531
60449229
60452721
60364391
60452931
60438198
60470805
60449454
60394380
60407860
60460683
60447419
60399382
60372497
60437067
60449976
60442178
60436795
60392460
60428174
60367245
60362423
60387734
60427312
60407993
60313168
60367860
60381420
60457547
60455324
60456616
60319181
60327558
60461896
60442117
60409850
60431256
60399341
60329529
60313007
60467720
60391483
60443282
60459453
60374663
60450911
60457752
60443296
60478598
60416965
60382393
60412694
60376504
60443705
60457234
60452196
60438287
60366309
60380059
60372162
60302112
60398177
60418674
60387237
60459393
60380715
60447838
60384437
60452552
60453563
60417397
60460178
60385280
60418428
60443547
60456920
60380004
60459513
60381475
60365415
60439143
60410347
60419159
60440396
60447483
60458823
60391559
60316582
60445999
60431724
60455409
60422885
60443355
60452560
60405193