1
0
4869558
60344593
60382722
60392292
60436308
60340211
60394866
60353502
60352911
60287037
60341541
60282516
60278756
60328886
60342869
60341092
60296457
60296869
60348449
60355427
60426904
60356796
60417786
60324507
60409020
60345599
60283442
60347788
60289103
60347789
60294103
60350382
60418454
60348786
60362984
60343133
60373132
60351546
60423788
60280347
60394742
60346218
60387517
60280032
60384684
60295233
60398185
60343930
60369726
60297429
60339243
60347001
60394395
60359979
60332592
60426076
60363843
60453599
60336848
60417935
60352490
60360276
60413068
60347615
60352210
60283427
60265975
60307199
60336667
60336293
60345723
60286793
60360609
60365708
60287937
60308724
60349738
60383863
60311245
60360685
60350339
60361859
60288589
60362342
60286615
60354694
60268892
60440310
60288144
60423807
60293048
60364256
60354872
60410183
60342599
60353525
60294468
60359956
60321774
60362615
60342088
60413373
60350239
60289018
60341421
60285787
60344955
60341241
60325518
60334608
60330909
60389137
60344915
60362130
60396299
60370513
60291258
60409588
60347987
60415332
60280620
60342905
60291855
60358238
60342895
60357820
60348792
60352683
60346269
60354312
60345409
60310604
60340159
60325110
60350702
60421311
60417217
60339542
60415426
60360484
60392533
60344435
60380728
60355541
60356391
60359460
60439513
60341772
60411006
60367514
60361835
60292554
60353924
60417036
60339670
60298999
60326566
60345195
60345141
60284004
60342432
60287689
60278825
60338825
60290862
60368432
60351464
60350830
60346588
60341400
60295079
60291139
60349350
60347773
60292759
60338632
60382470
60341489
43794516
0
1
0
1
