75455551
75478149
75496283
75432332
75576579
75426272
75540561
75354306
75484152
75438369
75564474
75428060
75520441
75490985
75519739
75420678
75417553
75360079
75465677
75333388
75545891
75428734
75549479
75354292
75462651
75428166
75522533
75432997
75556738
75424936
75363932
75530177
75472619
75442959
75511326
75465828
75523479
75448907
75435257
75365806
75376984
75382986
75509837
75454485
75416421
75409621
75515359
75452522
75513641
75461051
75516467
75463474
75365672
75446582
75447757
75375771
75422272
75392336
75399732
75522721
75368342
75430330
75432434
75492328
75367436
75527482
75364352
75519824
75435003
75472363
75360590
75548289
75443925
75504056
75428939
75476753
75361163
75483442
75422912
75543486
75357698
75540911
75363817
75557938
75420856
75449651
75345706
75466613
75375517
75547123
75418342
75545547
75349745
75521333
75421118
75528261
75437476
75373782
75431283
75352806
75513880
75366204
75498128
75360576
75534162
75447439
75449318
75478195
75486399
75451393
75405004
75420261
75456345
75435570
75461800
75423464
75520214
75491551
75531657
75455015
75470040
75515112
75455988
75476986
75441541
75513480
75428479
75526557
75451172
75453165
75451156
75542699
75420341
75361095
75530250
75394091
75503757
75432939
75501779
75359170
75488233
75383931
75557651
75432615
75539563
75429895
75533236
75429658
75532758
75422093
75550160
75423701
75528775
75423967
75456798
75375811
75529314
75447088
75511949
75443003
75511752
75506891
75497008
75475596
75370010
75432377
75539030
75420160
75475226
75359282
75478345
75444561
75424887
75435744
75527818
75550778
75434081