0
1
29410650
75430145
75509724
75371008
75512737
75479838
75363742
75441414
75480013
75386860
75524757
75513901
75480642
75548100
75513425
75474126
75457642
75468249
75516782
75556743
75435306
75544102
75562258
75555425
75460409
75538148
75551548
75506387
75483387
75544235
75541546
75536235
75523959
75422619
75541268
75543736
75437904
75482033
75545101
75444541
75547944
75474690
75387710
75478548
75526338
75461955
75468272
75437213
75526406
75543099
75483731
75396910
75483521
75516375
75466254
75407620
75361536
75510166
75516228
75512996
75503558
75518391
75475203
75447508
75570373
75429612
75527112
75444418
75525175
75403278
75548537
75433429
75386017
75417211
75526949
75483719
75482740
75455169
75389104
75430565
75440134
75441013
75542446
75446304
75528333
75445448
75469902
75444377
75539759
75552541
75449512
75463936
75452163
75552759
75522180
75479097
75512353
75541303
75524634
75538746
75481928
75484091
75475082
75516855
75493009
75386150
75552768
75430273
75499237
75563519
75454722
75464570
75454225
75501091
75458399
75383313
75436514
75423322
75477013
75385647
75403844
75546251
75453022
75424299
75459575
75525090
75440578
75540059
75437499
75539565
75453620
75546437
75359356
75559799
75363544
75465451
75419600
75483233
75441528
75554888
75429847
75543702
75408038
75513885
75458339
75474792
75456717
75534810
75486733
75530399
75380008
75541945
75558355
75457229
75440375
75526241
75523601
75397546
75437840
75499195
75542187
75557987
75446090
75519304
75543572
75492544
75492536
75520595
75492897
75477166
75467992
75420119
75468414
75550935
75367127
75383179
75496468
75471960
22441010
0
0
1
0
