1
4
4383429
75491041
75553239
75495225
75577300
75541577
75451944
75554002
75536767
75573792
75566037
75542844
75458923
75516171
75557215
75454433
75531371
75564366
75567606
75571119
75480633
75592992
75538482
75577682
75558688
75550875
75482843
75568860
75517978
75471543
75548139
75558612
75502743
75579177
75590411
75481045
75561515
75516471
75553856
75400275
75550335
75519915
75569977
75556610
75578742
75472710
75540909
75585386
75563500
75550390
75553570
75569308
75527308
75578755
75559323
75553918
75569603
75539600
75400382
75543225
75562116
75577765
75556031
75580738
75519008
75515981
75559216
75551670
75477086
75554712
75484829
75529801
75576534
75513503
75404661
75461406
75400472
75556479
75571873
75517428
75543872
75574752
75480185
75545513
75448635
75572545
75567894
75549527
75569997
75474074
75576166
75588759
75565905
75563972
75552534
75584601
75559692
75532012
75506556
75546207
75493387
75546248
75484312
75501486
75496395
75557627
75490463
75585812
75383990
75493352
75558124
75479428
75517354
75575280
75496853
75489955
75479656
75573425
75485543
75571715
75572165
75582554
75450619
75568208
75568529
75475806
75581303
75471827
75543013
75506990
75564127
75581417
75429282
75569370
75548202
75487747
75496800
75584202
75463823
75487407
75525631
75452150
75587456
75590828
75464339
75476296
75592873
75545947
75588719
75485043
75468167
75556722
75445119
75465831
75470950
75473132
75586744
75485185
75389806
75472144
75481425
75568900
75502126
75553111
75482953
75510581
75564839
75509513
75542733
75589098
75466898
75551106
75573062
75477406
75491181
75405967
75585520
75471494
25740681
4
4
5
4
2
1
4
7
