3
2
3
0
92824766
96678083
96868885
96709738
96853972
96698652
96760023
96674616
96718931
96747299
96845812
96729810
96805274
96759695
96752258
96784481
96818231
96757168
96800534
96751634
96723913
96823188
96823705
96778131
96785905
96859937
96846819
96848102
96837951
96769795
96738756
96701636
96851420
96859660
96856658
96747332
96888394
96851019
96814458
96873681
96779179
96751658
96613912
96679637
96834776
96835308
96776307
96735181
96750293
96755676
96769909
96806991
96716805
96722612
96900897
96758302
96850049
96785858
96913624
96814471
96885150
96774501
96832499
96855151
96630980
96812911
96826708
96699899
96716228
96829862
96895469
96677944
96869805
96754499
96843772
96840683
96755652
96770704
96858037
96852903
96638319
96820120
96730151
96766639
96820808
96847117
96811728
96755345
96740962
96848857
96693267
96834227
96709788
96736394
96783615
96865055
96743553
96798906
96830356
96773587
96860355
96887733
96594389
96782188
96800809
96828266
96851846
96665405
96784898
96728423
96882371
96733062
96794145
96647513
96826802
96733558
96865747
96717315
96708079
96746085
96718335
96720662
96753861
96768241
96869246
96883705
96748187
96728528
96807388
96860947
96852508
96660415
96758164
96813671
96715278
96651846
96803095
96809973
96859557
96781479
96768509
96632479
96858600
96713307
96756340
96604899
96615968
96784380
96824997
96638557
96836472
96622216
96868608
96816054
96646751
96732382
96763372
96733603
96793522
96844337
96658598
96749814
96744829
96690426
96720861
96825802
96821597
96827595
96705790
96606798
96752788
96632677
96739658
96703323
96713608
96732782
96630262
59047707
1
0
1
0
2
0
1
