91527371
91536387
91615708
91681115
91555420
91579233
91565775
91553960
91489493
91657207
91534414
91651855
91656997
91585727
91618869
91554105
91570600
91440657
91565061
91496429
91553890
91533275
91564342
91536098
91546517
91443413
91473107
91437895
91557745
91438037
91541866
91460085
91488656
91442308
91480355
91531864
91478270
91533655
91479825
91530244
91603255
91504436
91494686
91545577
91570948
91561414
91487239
91656527
91576900
91569405
91635782
91550996
91601514
91454240
91675810
91502089
91462715
91566676
91446224
91550297
91616060
91654378
91544320
91538424
91447903
91478392
91501515
91530467
91449149
91583998
91626356
91498058
91532155
91541898
91451049
91646041
91547572
91567247
91630398
91575769
91628576
91439438
91443962
91558414
91543676
91558819
91536568
91542846
91473334
91563870
91527854
91432247
91506191
91518418
91504569
91517672
91522739
91516992
91542934
91504689
91551006
91592391
91550787
91609631
91544352
91537711
91628157
91550554
91423767
91635704
91520563
91532785
91518434
91533952
91634095
91613934
91432641
91531648
91552639
91522786
91530275
91436632
91521636
91462981
91501510
91516303
91527642
91520799
91430595
91657424
91618683
91424947
91603401
91434503
91525771
91509885
91532515
91439666
91529121
91534589
91527534
91434321
91534617
91427763
91633499
91525135
91535481
91525989
91532805
91522074
91523767
91522130
91443280
91490959
91426546
91534631
91522331
91479181
91524013
91640254
91491027
91515985
91526424
91525491
91540117
91574271
91553125
91459684
91452642
91580595
91523709
91679844
91548888
91540913
91536887
91454413
91554702