94702089
94665632
94593613
94633156
94533905
94565792
94684260
94614927
94568792
94698080
94713952
94691691
94559698
94593118
94708042
94547492
94462349
94581243
94705470
94588894
94536851
94668243
94639114
94679213
94569951
94700359
94526937
94583774
94547479
94532428
94457880
94714738
94440937
94668608
94569008
94676664
94570136
94584886
94546993
94688729
94523451
94472694
94663325
94712343
94713351
94587672
94643280
94704862
94530418
94696507
94504259
94676526
94494199
94570286
94650139
94574307
94548114
94611107
94653451
94614371
94547922
94596571
94471853
94592517
94626953
94688395
94592937
94489586
94593001
94703019
94598967
94667726
94479930
94671665
94687881
94688726
94683660
94640928
94669401
94474527
94619806
94573232
94619767
94567605
94697961
94497158
94621584
94461366
94668714
94489324
94601249
94653654
94698441
94608576
94558867
94639609
94691005
94532730
94515124
94672579
94560826
94555210
94562472
94584184
94562048
94677645
94639991
94621882
94584341
94485948
94614366
94546409
94601879
94658876
94693518
94566108
94610727
94485264
94517361
94642208
94564610
94686831
94693051
94551649
94609766
94697161
94615610
94659248
94487814
94647454
94636749
94559156
94691369
94673557
94695692
94646918
94584158
94703345
94613543
94599374
94599185
94585659
94588998
94548306
94684545
94558525
94546923
94544392
94560023
94650010
94608153
94654860
94664164
94632056
94700069
94619611
94453814
94668247
94686384
94683026
94460834
94652263
94552894
94675714
94452557
94589838
94637254
94573747
94456846
94677705
94540200
94694635
94547462
94697792
94447489
94598280