96711282
96837674
96758479
96705114
96770449
96755432
96616417
96678550
96639512
96791935
96770673
96798889
96742284
96794666
96753799
96651625
96739018
96828906
96640766
96811879
96640509
96727132
96730042
96790205
96629407
96791486
96708075
96802318
96797973
96782065
96705380
96778782
96862361
96735355
96765794
96722931
96841489
96851353
96853204
96857133
96805698
96841982
96821619
96648318
96799849
96849013
96807863
96720596
96687937
96811516
96831017
96714841
96784950
96781925
96700184
96713943
96831523
96861289
96874969
96710031
96859796
96730748
96752035
96715611
96851283
96704053
96761543
96741977
96810433
96747377
96772211
96691277
96836809
96782839
96629065
96856649
96707178
96789909
96703152
96811869
96837409
96705501
96727621
96852999
96874319
96752314
96603736
96752837
96867633
96835675
96639126
96808874
96799049
96846586
96576145
96818147
96828516
96695356
96671240
96631034
96602458
96607586
96729108
96778066
96828469
96746283
96681782
96768518
96823901
96734369
96816806
96761607
96829332
96807333
96831435
96803402
96862379
96783544
96751065
96844844
96683152
96749941
96727828
96759431
96709119
96765666
96677485
96742285
96602535
96772696
96602268
96839079
96599583
96860406
96702387
96649760
96667332
96782896
96703987
96629360
96600097
96634600
96715415
96615178
96665928
96847714
96758755
96859505
96664618
96755747
96574527
96655938
96601867
96710804
96706502
96788454
96718389
96665355
96850401
96735918
96835765
96739563
96733794
96732773
96830769
96615494
96826510
96720731
96756046
96709914
96825831
96751806
96832107
96703947
96829394
96716811
96637143