2
7
59618408
90633744
90587386
90559283
90715601
90679328
90658585
90659883
90606992
90680350
90689563
90541309
90541836
90703291
90671840
90651308
90602721
90647224
90493517
90689736
90663669
90679584
90673970
90673800
90687923
90475157
90644016
90691311
90653055
90693331
90680818
90682556
90655505
90658310
90571192
90573518
90655701
90648209
90669518
90675675
90670239
90681053
90656823
90603517
90645468
90660553
90548300
90657278
90681929
90582346
90678000
90692531
90705739
90680967
90583041
90687033
90653865
90663323
90629444
90670682
90672757
90586926
90571202
90578896
90524760
90611801
90566734
90557316
90662255
90637768
90719419
90564399
90573962
90657110
90559050
90665220
90674231
90574197
90599861
90653738
90681347
90479211
90568462
90608701
90567666
90667760
90558056
90546163
90566279
90552106
90678606
90524747
90538486
90541795
90622625
90590976
90452713
90545007
90539507
90528525
90679963
90683358
90566577
90567221
90574442
90677101
90578527
90695686
90468631
90572796
90622681
90533549
90551188
90600971
90562581
90631698
90670227
90557076
90579716
90513878
90672137
90680028
90576001
90685361
90691251
90682923
90551779
90592106
90675095
90575556
90635490
90634747
90561901
90659857
90666917
90581514
90435834
90659889
90567246
90687031
90530053
90568391
90538400
90627210
90597136
90610171
90514008
90582625
90634156
90707658
90630168
90622024
90579020
90654581
90537086
90664204
90631758
90528277
90534178
90705051
90648094
90597759
90676598
90547549
90657037
90564902
90634900
90481725
90574218
90480099
90637287
90539108
90432983
90542506
90683282
90563942
90442329
73077468
2
2
2
