1
0
69642118
93572855
93501922
93674534
93556498
93453267
93649474
93485753
93655979
93657054
93547021
93498211
93652517
93526734
93598575
93532036
93551879
93525136
93643288
93560631
93655671
93529041
93653157
93538554
93470223
93574179
93442325
93550589
93604364
93528881
93561394
93532121
93527627
93482329
93522311
93446020
93545954
93563602
93530215
93534168
93539764
93562470
93445156
93657356
93534031
93590358
93536979
93558069
93466305
93589477
93532981
93518769
93635362
93552863
93538149
93551783
93532796
93539140
93559682
93541865
93570806
93533873
93546131
93545819
93576780
93559799
93535063
93550771
93558491
93553251
93423707
93546318
93646132
93511384
93654666
93533635
93590111
93688141
93533648
93552660
93633151
93549912
93539975
93556201
93668343
93540091
93434750
93545555
93469652
93542235
93540381
93519341
93644061
93524303
93553507
93537474
93612735
93528364
93535768
93536834
93561196
93453846
93559136
93533596
93644603
93433739
93594480
93622771
93570935
93430050
93539523
93545839
93453990
93556534
93542478
93601173
93641363
93644261
93533240
93574208
93490108
93615118
93565090
93667631
93532901
93542398
93465017
93661746
93444846
93527480
93511924
93616460
93433721
93589197
93554970
93669030
93573911
93616856
93517418
93570939
93528402
93494535
93442834
93572465
93513737
93574468
93521206
93650228
93456840
93474878
93614215
93569825
93559658
93446219
93522124
93519406
93658715
93534909
93638729
93562465
93669198
93445073
93638524
93582203
93650293
93448438
93612859
93543864
93548349
93481878
93478378
93606908
93561235
93526243
93551884
93658063
93552128
88174141
0
3
0
1
