1
0
36171945
96841970
96850996
96964779
96955493
96952943
96764230
96958887
96961781
96926021
96818542
96952267
96838315
96906650
96864278
96914580
96750076
96883110
96903826
96837974
96839502
96864818
96841340
96849084
96861627
96868503
96964455
96897409
96952795
96817833
96854775
96777486
96831356
96820196
96703855
96738025
96798013
96799163
96728485
96793720
96804879
96922859
96707198
96796273
96803483
96760874
96780537
96920732
96767000
96731234
96691398
96957856
96818196
96881624
96814314
96871250
96804845
96815866
96777536
96801293
96805332
96915954
96830857
96955181
96813807
96839456
96803299
96886391
96933877
96775439
96893654
96792552
96807743
96822238
96861841
96689775
96832236
96838323
96950057
96893581
96903342
96780559
96852936
96932070
96952274
96855954
96925907
96747037
96867138
96802272
96781941
96813343
96746763
96799226
96720394
96709261
96883216
96697601
96903996
96832394
96938701
96841728
96841907
96758833
96951443
96830236
96954600
96873476
96797870
96734159
96939930
96726728
96839565
96710271
96932862
96724112
96967534
96808524
96799349
96747702
96807439
96701811
96828519
96876860
96907041
96819664
96809771
96941424
96948534
96756540
96738717
96799581
96879233
96820931
96811042
96937513
96833091
96832113
96734192
96795737
96734183
96956169
96942752
96814147
96872534
96956593
96722583
96952425
96828382
96859741
96875720
96925203
96904631
96926228
96959536
96809247
96835599
96849417
96885028
96812590
96727913
96802311
96835056
96800594
96707735
96724549
96795990
96813189
96815705
96715468
96769043
96932937
96814693
96914847
96818316
96914606
96779537
96826557
26066167
0
1
0
1
