0
2190963
95588109
95590605
95510451
95597454
95484410
95506232
95695919
95556779
95502195
95584484
95700265
95564119
95551867
95455781
95617559
95537013
95535463
95474056
95611044
95548079
95574569
95521253
95667393
95543345
95578919
95497590
95469111
95555834
95478342
95663501
95451442
95540373
95452394
95561676
95574912
95661893
95547396
95643125
95540596
95443678
95496999
95600138
95483978
95645621
95449810
95700992
95570414
95553886
95632105
95589781
95620092
95609360
95621227
95561189
95561325
95530510
95670531
95562963
95481022
95448235
95623210
95554901
95624073
95501175
95643160
95599543
95592160
95554366
95591842
95676242
95704941
95612838
95687995
95477469
95475602
95511226
95685548
95700119
95655222
95650740
95576329
95572425
95617806
95510808
95698224
95574934
95572155
95539195
95549352
95440157
95675882
95546947
95691975
95525615
95571485
95579616
95580337
95523786
95588015
95444240
95594696
95551059
95562971
95568675
95582476
95561282
95587316
95468238
95630280
95568979
95560274
95546435
95500497
95482801
95547509
95570250
95598340
95698816
95577775
95690864
95603329
95581518
95572810
95693745
95636124
95599570
95546399
95668120
95578625
95677287
95578565
95580680
95592065
95575906
95468985
95494818
95565053
95560656
95558292
95556398
95581696
95582807
95559644
95469690
95467798
95554999
95556559
95580051
95558706
95568350
95502624
95569567
95598106
95587919
95548226
95548444
95543725
95567853
95553262
95591511
95494543
95570709
95496623
95572004
95647037
95557716
95640424
95710222
95565281
95519231
95559874
95603127
95685012
95704292
95499636
95628188
95563613
66405717
0
1
0
1
