0
1
68745915
96816079
96937061
96727768
96880124
96940638
96925650
96921982
96841858
96886160
96824338
96894336
96770931
96836905
96938036
96914040
96744407
96960700
96838035
96789959
96885270
96930381
96956046
96730705
96863695
96843789
96840646
96781346
96919119
96686348
96810033
96778966
96922822
96685959
96853524
96780320
96851256
96802235
96892905
96744710
96916094
96684131
96793221
96706575
96874493
96764864
96928633
96689123
96901510
96690042
96842604
96777999
96854364
96777689
96923501
96778238
96903909
96907896
96791934
96894413
96822066
96808908
96811493
96777127
96848537
96839993
96828645
96794487
96804492
96835862
96692615
96923097
96801374
96819861
96887949
96844229
96903606
96943295
96891952
96881601
96912786
96849382
96684959
96810091
96893050
96769818
96753292
96879109
96913389
96793067
96790891
96789088
96784038
96796219
96781963
96891195
96768179
96926082
96966664
96948244
96946293
96893801
96796577
96907471
96818136
96946358
96781776
96928558
96704073
96780261
96797681
96858585
96680723
96937244
96692275
96845372
96720748
96734375
96711308
96846152
96791041
96765699
96717855
96866842
96836230
96941487
96818872
96831841
96942409
96939050
96801953
96872034
96722413
96905506
96848168
96825614
96850583
96936086
96909629
96871463
96965248
96908515
96863835
96892802
96955739
96907060
96814580
96802291
96832629
96803971
96920879
96846510
96903002
96901250
96927976
96811753
96909040
96841127
96852224
96894580
96805406
96831745
96932425
96802785
96949143
96962018
96955118
96822392
96922182
96831612
96920699
96857395
96726173
96740637
96865529
96775014
96844706
93311482
0
1
1
1
