93703936
93699256
93651504
93713905
93588991
93526121
93696670
93632766
93692531
93637435
93487742
93649682
93592170
93575733
93587308
93573982
93493729
93689306
93708450
93685281
93640428
93668379
93618285
93667093
93721494
93698203
93641877
93648711
93558532
93595239
93695304
93660367
93580597
93611666
93697597
93597465
93732364
93548669
93735107
93718838
93680551
93717748
93680319
93652169
93683630
93567829
93617144
93688463
93659821
93636031
93494420
93680337
93725675
93607110
93642801
93555193
93657519
93681029
93688870
93523827
93733417
93704488
93661601
93553836
93658956
93639780
93680790
93601594
93709046
93693126
93606743
93623129
93633467
93650035
93639033
93608934
93699158
93700968
93621549
93644303
93556393
93669967
93572738
93669864
93587967
93653384
93692659
93657192
93642993
93636874
93691027
93704697
93527138
93718263
93618926
93725180
93592496
93651923
93551187
93592556
93570011
93567356
93571335
93683798
93480505
93616826
93608410
93646871
93662328
93686807
93689450
93657315
93660082
93709050
93632163
93557058
93649746
93641131
93666531
93493978
93466489
93645593
93644064
93588171
93548772
93624486
93574270
93658717
93650189
93610241
93537961
93493906
93609283
93731696
93619451
93655738
93677440
93723095
93723936
93704179
93655126
93697087
93721153
93679949
93678098
93659225
93704400
93713433
93707330
93578387
93676230
93687166
93628059
93685697
93661963
93705127
93590580
93679896
93599674
93685059
93587291
93584316
93601302
93695703
93600540
93580023
93616467
93692307
93706589
93712065
93589589
93664880
93579944
93661702
93698336
93694753
93699775