96528620
96480554
96385170
96498329
96422296
96405688
96556451
96532464
96469331
96432408
96416531
96500167
96479976
96496219
96422667
96383371
96448738
96417333
96400804
96399334
96552315
96369343
96593182
96525439
96493589
96465102
96547465
96480514
96464350
96510723
96536096
96552933
96434547
96556845
96565471
96496915
96498755
96435554
96515947
96565297
96410311
96528211
96443824
96537166
96325795
96431087
96509604
96473722
96554393
96504758
96565799
96570631
96510414
96569569
96542068
96470352
96563365
96505834
96545608
96581933
96446593
96500119
96410148
96563644
96402438
96511964
96538213
96548842
96452312
96422080
96503512
96421436
96423077
96443048
96511911
96406904
96565852
96541456
96452088
96562743
96347757
96428469
96364404
96367069
96537346
96418213
96524944
96407614
96548939
96431143
96452046
96548608
96550867
96448201
96334407
96320773
96406767
96500283
96474360
96499648
96556738
96507325
96381505
96539296
96558802
96502953
96549618
96539621
96440056
96542911
96638312
96562499
96563770
96567202
96462781
96443316
96471163
96553552
96460436
96440659
96479789
96492727
96548321
96564961
96462975
96484741
96531151
96549463
96552340
96439544
96484993
96521320
96575638
96402426
96552941
96555348
96474937
96415695
96453277
96392315
96475860
96440881
96553468
96572781
96552589
96543661
96446736
96560518
96406870
96464677
96569087
96484182
96459744
96457124
96555909
96379199
96574433
96556829
96491919
96377586
96299553
96486178
96432325
96510971
96564411
96521264
96391464
96492625
96496918
96500172
96518434
96484935
96495808
96434691
96426164
96587940