3
1
48054198
95642298
95730882
95649235
95722131
95715820
95593669
95638278
95736112
95649301
95634408
95734322
95708330
95603836
95642376
95721173
95721175
95720287
95722912
95683323
95744059
95618850
95730247
95728914
95750261
95718813
95741672
95704865
95707096
95638302
95700891
95615704
95727318
95598259
95703082
95616296
95690946
95667688
95744914
95725444
95592116
95606151
95637542
95727222
95697960
95661585
95727283
95609767
95728801
95537408
95716136
95628755
95728632
95715359
95725430
95715709
95661482
95711930
95714767
95685414
95699094
95728657
95709220
95718517
95713510
95708147
95717562
95671471
95686601
95557793
95728314
95724005
95517895
95694193
95696577
95611767
95620170
95720451
95690894
95692468
95618182
95730155
95624526
95746728
95618235
95716443
95733152
95731319
95672448
95717872
95607332
95727977
95700735
95734299
95704406
95620664
95659590
95735985
95632786
95558156
95605453
95718686
95732815
95652046
95722053
95610449
95734133
95711645
95725271
95735885
95713393
95733644
95731284
95673881
95743989
95694572
95721901
95733013
95716223
95720214
95706722
95635833
95693678
95746565
95691897
95691021
95693890
95627337
95628448
95644936
95506670
95576806
95698338
95528799
95615966
95629364
95684253
95674610
95729218
95627904
95723612
95633901
95740037
95746224
95703985
95719346
95694906
95683168
95623863
95607598
95596247
95598507
95743882
95737688
95565624
95663435
95724020
95735270
95718705
95702741
95692880
95693332
95652244
95732035
95719849
95729958
95626357
95644114
95629267
95734542
95734657
95722685
95730914
95728046
95689648
95633461
95702318
86651608
4
4
3
6
4
