90605620
90606956
90627640
90496630
90540345
90520269
90525948
90518130
90627659
90487337
90427076
90549051
90522144
90527081
90539763
90628740
90509706
90636802
90515270
90621311
90556293
90635435
90460569
90614428
90519936
90571744
90501737
90671571
90491342
90561604
90432707
90560870
90583788
90565385
90516819
90601462
90435737
90551681
90457669
90581580
90584109
90548812
90550256
90695036
90613709
90535043
90434001
90665000
90520950
90469807
90514689
90573325
90523501
90662574
90506537
90571932
90427076
90685200
90526567
90545717
90559194
90663741
90514323
90621422
90542474
90492827
90516334
90527711
90527234
90643883
90549427
90634973
90515348
90634442
90511341
90525787
90531020
90578662
90523809
90531517
90528025
90447515
90609549
90527069
90596214
90612012
90607027
90583375
90496982
90521281
90441217
90637558
90529516
90563377
90527353
90531210
90532408
90428135
90511698
90602827
90563721
90640462
90665794
90543386
90637255
90466375
90651752
90548022
90457804
90537679
90631665
90614236
90450425
90543804
90582314
90519491
90669027
90519148
90665559
90425989
90663543
90427698
90620430
90531331
90665787
90461926
90471489
90513541
90655192
90536106
90528775
90516252
90581059
90457280
90467007
90523297
90595047
90421274
90546114
90430492
90657716
90533909
90539777
90413789
90671053
90508742
90577101
90552796
90595808
90541983
90568814
90551238
90552580
90585980
90654994
90612227
90676613
90631890
90452215
90643452
90543563
90492700
90637407
90426201
90456120
90575055
90631510
90547851
90549222
90615481
90613169
90562719
90540582
90654867
90527313
90530674
90431592