1
0
82236551
92557037
92490615
92637966
92530512
92600895
92546445
92532957
92537055
92464517
92443009
92547398
92445262
92643912
92540059
92659739
92628686
92448415
92511360
92637141
92528667
92552163
92525941
92538692
92527966
92546975
92539824
92665107
92482772
92583954
92528218
92579125
92520340
92564394
92531937
92668702
92444726
92621640
92538459
92597950
92524031
92670965
92528533
92646501
92558893
92453270
92524737
92531004
92562022
92549101
92510981
92416170
92542598
92545939
92557946
92613412
92446643
92526289
92522883
92466650
92637176
92476638
92532375
92494868
92442247
92536674
92524666
92528856
92532514
92522049
92529857
92528731
92535869
92532612
92562117
92534734
92548578
92520086
92519941
92529866
92439724
92555539
92613281
92537190
92550595
92539468
92546417
92551662
92568735
92455989
92636783
92624681
92622536
92520951
92479408
92428770
92561691
92557447
92548924
92524344
92664979
92545704
92547435
92528923
92543020
92522875
92526284
92524184
92486349
92546292
92527726
92568385
92446892
92525854
92526675
92506390
92441612
92512187
92508322
92513558
92530545
92579487
92535702
92542795
92545774
92630725
92522284
92553443
92541511
92513858
92576303
92434146
92500520
92646400
92534476
92565186
92529404
92655187
92541518
92517631
92435530
92536444
92524402
92531183
92542015
92450582
92527896
92519970
92573374
92510459
92525187
92443592
92521314
92516461
92516073
92652371
92564223
92624762
92536841
92629862
92534762
92565721
92679290
92664998
92525233
92583386
92532570
92565920
92498796
92587025
92616621
92539704
92609731
92553475
92567808
92564505
92516629
80656941
1
1
1
0
