1
0
56487386
90551759
90534227
90666052
90548495
90540923
90506848
90522603
90469953
90526973
90463879
90501320
90433771
90551132
90529184
90460066
90555512
90561279
90541628
90633208
90452855
90520415
90647256
90471902
90656070
90445260
90602523
90517198
90617842
90525990
90640174
90542730
90661874
90434080
90673307
90440292
90518526
90532516
90607428
90508731
90543332
90429574
90554406
90520943
90631603
90529219
90612261
90662283
90548388
90427813
90627731
90439835
90658070
90503096
90582013
90519305
90525095
90567933
90621903
90478152
90426447
90610869
90488538
90546071
90512353
90637899
90452270
90551089
90597758
90516338
90534983
90548268
90536372
90498150
90602262
90451644
90444441
90624949
90503868
90524612
90503730
90545019
90622810
90627438
90622453
90563531
90611852
90527923
90623617
90528006
90426657
90554072
90420746
90663322
90490498
90646557
90533369
90638626
90511746
90568149
90511887
90677579
90420175
90646190
90506973
90629108
90579383
90453236
90509467
90654116
90534824
90559202
90512362
90614516
90514898
90541803
90518528
90621975
90526408
90597724
90428774
90504297
90500733
90552656
90513195
90603949
90430077
90644541
90537554
90468188
90548491
90452830
90525942
90527518
90621608
90588690
90550430
90472329
90648702
90547004
90625453
90426869
90582092
90517400
90439281
90475962
90483095
90509336
90540167
90557051
90606788
90465797
90640740
90521710
90645818
90519688
90630624
90420386
90575898
90512272
90632725
90484531
90636702
90528167
90537158
90553377
90640355
90515763
90627671
90532732
90610185
90532520
90551804
90528400
90449194
90491201
90519820
90529734
1828331
0
1
0
1
