92682758
92541884
92674933
92541852
92499208
92614176
92678205
92635249
92673440
92585424
92510853
92643183
92663184
92632666
92673720
92533685
92672737
92617597
92580702
92657730
92619990
92664426
92558232
92533772
92560817
92656862
92550666
92661350
92643411
92670336
92444488
92594166
92478460
92590902
92545886
92628527
92571102
92576121
92555627
92591758
92575169
92481613
92553547
92678226
92551764
92672367
92560555
92606976
92651415
92669137
92528999
92594968
92553385
92566022
92532055
92568953
92461187
92640859
92517690
92619201
92554553
92646348
92403318
92605434
92553048
92439085
92658578
92451730
92636319
92433443
92646636
92517719
92643420
92430657
92662544
92429928
92651926
92473737
92471655
92446455
92660567
92443677
92605369
92561654
92555111
92528572
92539167
92493633
92483537
92525545
92665670
92436415
92656220
92562218
92669710
92431245
92668602
92536221
92568766
92524910
92646301
92430192
92662387
92529201
92600285
92526613
92480039
92609979
92626604
92537276
92667524
92526418
92497550
92486998
92635771
92541144
92651474
92512685
92680668
92454923
92635841
92537089
92598999
92471897
92556080
92466439
92680855
92555624
92666344
92543002
92685038
92491764
92608404
92479449
92538407
92588590
92612939
92605053
92556852
92557181
92511049
92687707
92460692
92522988
92643832
92614339
92529091
92575143
92552548
92673925
92642845
92638193
92623496
92674494
92492996
92625715
92601038
92682290
92658701
92668895
92556845
92681005
92638444
92664143
92441710
92602342
92675862
92674536
92531322
92604017
92578706
92557136
92459497
92664044
92664947
92551679