96815017
96970840
96755292
96938567
96816908
96945871
96824195
96957887
96870615
96934546
96919146
96804357
96831176
96936288
96853801
96808782
96874425
96792727
96777586
96795192
96789082
96933189
96760221
96813212
96766307
96836360
96951932
96829004
96840305
96828743
96825924
96805756
96880645
96886473
96945459
96889042
96954451
96929849
96957786
96919678
96872242
96776837
96920865
96950604
96740976
96908701
96877083
96923363
96933440
96914954
96868333
96713980
96914242
96774897
96842904
96853438
96920421
96873249
96760316
96782779
96930817
96824287
96922088
96807212
96940581
96804267
96823332
96899915
96845102
96815418
96863765
96818790
96946388
96954996
96841129
96810073
96942264
96734147
96781075
96853517
96975182
96744315
96868487
96813354
96845352
96925607
96968117
96834854
96817530
96829335
96779713
96814428
96808275
96772027
96801773
96886056
96800510
96748176
96809633
96745295
96799840
96922921
96819706
96810532
96782763
96823390
96913617
96955150
96823176
96973334
96829758
96804758
96915549
96922431
96834650
96894546
96832482
96873222
96912799
96893761
96837477
96956177
96696547
96943851
96701664
96851116
96701184
96873343
96704115
96804128
96712937
96885371
96720982
96921937
96736165
96768747
96822073
96936889
96827414
96897904
96851394
96957522
96790751
96955044
96857404
96874619
96835809
96859267
96837719
96871428
96854916
96905894
96845585
96817882
96853531
96927118
96976284
96711762
96927204
96816897
96928614
96712577
96932272
96801012
96923318
96804623
96836019
96811130
96965546
96861069
96864495
96850737
96951413
96952383
96961746
96831876
96959186