96983439
96865714
97004175
96860815
96735033
96853513
96857467
96850615
96861933
96836808
96969846
96921825
96856448
96762910
96890017
96826108
96823432
96825351
96849174
96858095
96748430
96833366
96984422
96948963
96963026
96926824
96984833
96841085
96914684
96823762
96990419
96878414
96758400
96939706
96823249
96805366
96712084
96809720
96813996
96706761
96694749
96926998
96790401
96705145
96794997
96764413
96709336
96664111
96725726
96787130
96807809
96901936
96804196
96710169
96793468
96825889
96780110
96916529
96796198
96781818
96702242
96731182
96721575
96906929
96803445
96815761
96760542
96908303
96690154
96817779
96795078
96911295
96710395
96852092
96775083
96849887
96782677
96869234
96814774
96809978
96701552
96861726
96828576
96713195
96774528
96722218
96715906
96699540
96804363
96710976
96797867
96797319
96937002
96809842
96805649
96710715
96810281
96803471
96885218
96799301
96785983
96809430
96894597
96793017
96962566
96799047
96864767
96818109
96870494
96786993
96915339
96791966
96830530
96758596
96871381
96754873
96832298
96800613
96714697
96715401
96770050
96816288
96815194
96753684
96888966
96754271
96783250
96796625
96745648
96798335
96802317
96785279
96870091
96768228
96879430
96737670
96850498
96786177
96925468
96814255
96815897
96816767
96803610
96822106
96806947
96703706
96852075
96718208
96938324
96796870
96882168
96814079
96921144
96710843
96902352
96815054
96912441
96809790
96915886
96790173
96958607
96791204
96800877
96815360
96820717
96833593
96823766
96964886
96825608
96871974
96828497
96854574
96861959
96946340
96831060
96950119
96729750