1
0
1
76528758
95554086
95621774
95463430
95564356
95577627
95480369
95488418
95648924
95485856
95577655
95482987
95564518
95480258
95559386
95533607
95574628
95484491
95565926
95582121
95675062
95471056
95461923
95539226
95460876
95569003
95574739
95649574
95479633
95543339
95453057
95583976
95520746
95681524
95511458
95556689
95482662
95642484
95570678
95485160
95459248
95574171
95636872
95526366
95598385
95577806
95469763
95564484
95572383
95587105
95547253
95571766
95592330
95574537
95568635
95459444
95534868
95576820
95454383
95553331
95573960
95580613
95612595
95578087
95693787
95591233
95607859
95578754
95659386
95657909
95473595
95471664
95508123
95696304
95538275
95555400
95505872
95551119
95556398
95560240
95541147
95602977
95574895
95561818
95530027
95552893
95581274
95470218
95541748
95544891
95539590
95474109
95548961
95532931
95530240
95488314
95539055
95461387
95571426
95448568
95582730
95554350
95532497
95442312
95524468
95571489
95461500
95452091
95533604
95442057
95598600
95687979
95551371
95566702
95605623
95539554
95598478
95620397
95642118
95632015
95665688
95581392
95479247
95687810
95576067
95547280
95583083
95453583
95551457
95559980
95519638
95541648
95570915
95598645
95540687
95621899
95554379
95626232
95582858
95491306
95555797
95670984
95602467
95590350
95594636
95674159
95692113
95699606
95470165
95554913
95565216
95699185
95589752
95562642
95673875
95598211
95684767
95551539
95680760
95639465
95566159
95558529
95664965
95618589
95683273
95553431
95601655
95673568
95464477
95596502
95466780
95550441
95454333
95672062
95476665
95447135
95694148
80765581
0
1
0
1
0
1
0
