96473693
96480672
96528908
96323058
96433682
96452416
96538031
96461833
96399211
96524970
96463302
96367894
96543147
96533627
96504813
96354378
96486965
96394125
96416495
96407166
96504052
96502607
96523498
96508819
96447430
96493144
96372681
96453312
96498428
96469859
96513864
96410672
96449022
96410753
96463459
96496397
96440278
96390723
96320182
96428141
96442039
96422273
96341534
96372568
96513401
96548432
96421617
96412006
96507562
96370753
96274556
96376480
96406512
96504310
96272564
96470515
96348593
96412297
96417226
96342379
96288955
96304317
96279803
96315120
96318150
96459909
96361403
96502465
96411755
96538771
96297989
96527815
96401119
96476125
96418053
96498530
96383459
96518915
96394450
96533077
96395455
96517701
96341260
96405475
96384574
96487500
96379706
96509954
96434928
96521200
96380941
96528263
96342226
96491668
96398943
96531626
96400552
96481356
96344865
96354867
96381810
96351441
96376155
96408828
96310508
96476227
96399490
96412543
96502231
96518220
96286130
96413678
96349764
96434786
96366160
96468908
96362262
96336810
96424383
96435152
96310323
96319818
96402384
96412247
96518171
96275696
96383555
96278517
96502273
96391270
96401818
96472978
96404780
96354912
96434147
96416418
96460475
96405510
96480570
96448650
96444685
96403004
96467573
96421416
96529474
96385661
96413773
96468021
96516390
96293114
96554194
96404521
96560805
96386061
96447625
96475528
96421608
96382349
96420237
96439970
96435996
96380737
96473601
96380923
96346892
96389432
96488542
96464004
96374104
96272498
96418799
96350354
96515854
96361729
96482644
96385228