96458284
96427928
96512950
96404013
96418340
96350182
96311519
96374563
96277371
96536182
96414180
96405167
96298030
96528264
96379757
96306113
96386218
96468006
96253643
96344938
96362209
96497810
96407778
96408734
96380031
96444921
96423581
96518722
96311617
96296550
96377679
96473730
96453378
96414585
96284034
96276228
96364665
96515957
96384038
96300521
96441573
96481526
96522519
96314604
96395134
96417254
96386298
96484495
96410044
96415710
96365912
96378318
96364707
96502721
96392522
96515314
96278003
96501150
96384744
96374509
96294530
96444452
96317788
96364413
96369329
96418117
96447662
96375284
96541562
96524613
96417779
96388242
96545751
96349462
96347853
96506732
96491230
96400694
96409472
96290429
96403351
96388805
96363311
96382082
96524485
96290323
96431736
96444551
96519340
96234695
96441528
96398156
96491086
96415415
96384226
96469514
96488372
96381860
96522887
96298392
96398943
96362474
96408774
96358903
96440011
96384208
96362561
96484458
96514442
96388984
96317493
96380339
96461784
96402853
96358533
96444728
96511247
96393584
96362499
96439071
96451610
96267117
96351364
96296834
96344884
96438475
96381344
96379143
96463456
96376276
96389793
96285720
96514436
96377711
96382366
96365639
96440585
96498720
96363379
96385667
96400525
96374655
96394998
96339133
96419594
96330891
96255535
96371285
96331520
96367392
96387516
96292590
96368126
96253159
96304103
96299541
96514024
96518958
96286079
96560588
96411778
96516063
96369094
96411038
96490074
96415368
96414753
96438103
96391175
96338524
96444309
96433100
96229461
96366539
96390148
96253784
96374921