94608695
94632846
94657053
94542243
94585413
94547191
94611262
94583255
94564383
94580920
94700425
94566792
94647708
94455714
94690393
94526997
94671281
94541983
94546413
94534337
94466677
94518511
94676407
94484753
94663611
94470132
94696838
94564981
94681406
94535451
94699894
94451485
94551139
94516099
94711953
94518814
94537470
94457534
94489758
94670505
94555929
94557388
94491096
94562710
94547036
94551831
94669911
94444629
94543839
94550533
94651781
94558145
94545414
94545426
94627945
94584347
94528347
94549840
94623878
94566746
94526047
94507796
94629401
94536936
94535727
94449673
94679141
94564535
94537691
94580045
94677822
94557240
94546132
94654155
94520520
94530614
94539058
94689148
94540121
94544401
94537693
94646513
94443148
94539971
94538688
94531467
94679867
94546630
94547430
94524817
94548742
94538284
94528857
94613391
94545749
94546181
94544581
94598784
94544229
94563359
94474952
94696203
94435384
94554580
94567405
94598673
94568514
94571827
94515441
94483907
94562754
94559275
94644274
94684192
94679413
94573265
94654714
94574218
94560958
94472564
94574430
94697583
94692177
94579262
94567831
94680023
94585351
94572118
94574056
94690144
94672020
94570953
94560584
94578508
94560906
94558443
94591239
94565124
94469256
94477275
94607816
94558475
94559446
94564942
94704488
94531972
94676968
94541591
94682009
94511458
94668939
94450344
94711931
94554789
94591873
94535364
94686250
94536747
94575768
94657819
94601034
94492556
94551043
94645708
94629609
94544247
94545897
94643355
94589261
94580691
94562609
94553146
94706905
94623007
94565809
94541427
94624388