1
53598838
96805880
96756140
96591487
96645536
96825557
96658207
96669226
96713692
96758897
96755166
96734227
96799514
96639807
96657018
96781959
96800945
96746266
96703985
96616019
96826520
96818889
96764722
96745354
96791179
96623972
96733862
96644237
96830535
96836543
96803218
96818130
96813762
96828131
96859365
96670847
96775226
96842383
96823893
96708838
96831128
96723453
96831192
96718902
96838472
96786068
96684501
96809989
96809682
96615853
96683542
96836914
96719073
96742794
96784915
96710472
96806998
96717578
96792975
96748831
96824614
96770475
96822060
96792217
96680128
96741495
96600736
96779617
96761164
96600744
96667154
96691007
96746830
96767585
96617448
96694285
96719816
96739719
96729776
96605323
96809662
96712574
96630439
96819784
96743289
96630201
96780332
96758101
96720738
96743074
96609153
96791022
96634535
96683058
96640408
96812350
96720782
96710891
96806167
96674070
96826150
96804778
96811044
96729403
96843174
96620848
96860933
96676693
96702926
96616116
96709190
96718018
96801879
96712788
96803234
96853994
96772576
96799940
96620102
96715505
96785364
96735816
96811098
96774314
96794297
96741290
96759348
96753786
96730057
96737403
96764254
96832330
96802741
96714790
96826365
96805058
96726718
96805946
96607993
96811692
96690241
96729644
96750059
96830728
96714916
96728514
96731080
96835475
96717488
96848361
96799845
96720228
96710608
96823472
96698624
96799581
96710508
96703649
96716911
96741831
96831716
96707643
96830002
96816220
96631559
96798299
96704082
96740003
96824956
96756769
96799042
96771455
96804082
96857257
96727502
96718704
96828964
96842157
7397322
1
0
1
