91573334
91681019
91606940
91498454
91613024
91580645
91486238
91584719
91691422
91695919
91494551
91560410
91556589
91629299
91684987
91466069
91661298
91647940
91664880
91578602
91645858
91577990
91574422
91652770
91683341
91550503
91679752
91589850
91534157
91572474
91620623
91540556
91667945
91544114
91674602
91642652
91465380
91664178
91610238
91680502
91583929
91653561
91576365
91645337
91519202
91497211
91591698
91671511
91598126
91666913
91585390
91573055
91685725
91565118
91620639
91638052
91522167
91515759
91594367
91676405
91495975
91661591
91649526
91676745
91685384
91544585
91585454
91555871
91656950
91545841
91583070
91663017
91571424
91651490
91667507
91677855
91559030
91585184
91563979
91559687
91570739
91604671
91481508
91663047
91622731
91685117
91557017
91674763
91515433
91580750
91545268
91578416
91556100
91675285
91661775
91647455
91648500
91626503
91565474
91593177
91549995
91594839
91654738
91584425
91532106
91709201
91589606
91587484
91617819
91506142
91658564
91646153
91568991
91607839
91509492
91644554
91579163
91617341
91663372
91659577
91666662
91617219
91670338
91535556
91542840
91590955
91581298
91622637
91529361
91657628
91600674
91661571
91581806
91579267
91678837
91567471
91605854
91645224
91662890
91576977
91541874
91655277
91584741
91675850
91550953
91590829
91652433
91561023
91637066
91466891
91570100
91510118
91456697
91630260
91594019
91569182
91674949
91657649
91667198
91611822
91555909
91562106
91667284
91463694
91659732
91674369
91610028
91657831
91663438
91672596
91678081
91629573
91635469
91617245
91664576
91601521
91665497