3
11583261
92605889
92653516
92748284
92699027
92698831
92660424
92685117
92509198
92686702
92496015
92652027
92695654
92703884
92568091
92673442
92612163
92668605
92592971
92686704
92632858
92670469
92564210
92674381
92569888
92683534
92633606
92672867
92699111
92576540
92671178
92670398
92620343
92578369
92707443
92696719
92656161
92705058
92681458
92703315
92699670
92651130
92538719
92580990
92700397
92706626
92667969
92705804
92624800
92659599
92698047
92694328
92593699
92637799
92700675
92686917
92608746
92581587
92703947
92660887
92700371
92672643
92694828
92722399
92712757
92699972
92644527
92703059
92703781
92701416
92720149
92677444
92617610
92572264
92633001
92696551
92680036
92681633
92707708
92698410
92697645
92715689
92640787
92575331
92689291
92667080
92613804
92651322
92507473
92508780
92689933
92605334
92534231
92720131
92504793
92701572
92667012
92700840
92627246
92706633
92556024
92730920
92719302
92542709
92629332
92671342
92602699
92701402
92701214
92677529
92676610
92675572
92639653
92692637
92702514
92715872
92552611
92702560
92597153
92684479
92722619
92460503
92602366
92651963
92613351
92585318
92579810
92548836
92671518
92589561
92563810
92590393
92577564
92577323
92658338
92578837
92614393
92582691
92648611
92549939
92720778
92594571
92585736
92626935
92697552
92648201
92672544
92644380
92698147
92620374
92673002
92651836
92719452
92702131
92489755
92615422
92703420
92661385
92727224
92532509
92716695
92682260
92593271
92697065
92700922
92587063
92623650
92687715
92701160
92487144
92690989
92719237
92664826
92702036
92709408
92565437
92685155
92529816
20727887
8
2
4
