0
1
9957827
93556684
93695325
93682978
93687411
93692512
93624052
93586925
93622680
93673555
93671437
93540830
93676464
93671716
93695638
93564934
93663953
93688894
93644848
93633408
93663970
93565589
93694334
93693966
93690087
93597443
93627036
93629962
93484155
93675841
93654357
93665904
93665771
93680033
93645885
93543182
93539789
93577565
93673977
93547157
93622839
93557518
93541053
93558530
93696348
93582314
93591585
93522050
93576551
93500206
93597338
93571074
93551247
93544495
93477220
93557374
93498471
93575182
93655032
93556139
93635748
93572206
93542204
93676594
93683851
93655957
93452217
93656260
93461895
93659147
93579569
93622372
93528033
93554856
93559042
93593284
93585089
93680927
93677432
93591753
93703194
93471258
93568670
93693128
93561823
93600660
93580210
93606753
93560693
93708730
93566833
93678809
93567008
93658724
93562586
93675631
93560653
93485843
93546586
93561783
93541760
93686037
93442375
93555471
93573795
93563488
93545272
93606897
93564609
93607998
93429344
93690753
93713245
93689939
93632279
93528718
93539394
93683597
93639535
93580705
93545626
93554791
93509326
93617734
93628036
93685481
93589662
93646119
93655625
93479158
93608865
93521793
93474990
93601753
93488880
93552876
93587252
93535423
93606892
93538741
93685033
93482086
93648247
93554648
93639296
93539581
93490069
93521159
93564413
93572188
93556073
93532337
93557546
93527958
93683581
93518638
93648571
93526008
93688001
93553677
93596623
93443568
93545378
93559676
93503899
93532243
93566680
93594015
93454789
93641561
93580065
93587279
93570372
93534731
93548428
93542893
93574659
93470186
54124891
1
0
1
