2
5
76075305
91693035
91559914
91580259
91691076
91658709
91450851
91578966
91633819
91530262
91701286
91529980
91652737
91556189
91574630
91706810
91674013
91694558
91686973
91687784
91533498
91586596
91574103
91590802
91712749
91692206
91573790
91674763
91672113
91583502
91604263
91602428
91693619
91641493
91668694
91674096
91619466
91645653
91693909
91562448
91637885
91676400
91693275
91661491
91715700
91636933
91695246
91704138
91655846
91681915
91615958
91656554
91641885
91580131
91720429
91621420
91549126
91705985
91673667
91625439
91549633
91682183
91636230
91709458
91670327
91533532
91538470
91513891
91632873
91600249
91659054
91560945
91576299
91665087
91597097
91693353
91526974
91693763
91659661
91587421
91630932
91581121
91647823
91609285
91537716
91599776
91686734
91563200
91695233
91656079
91699272
91476394
91675342
91575457
91571973
91589629
91670026
91640674
91691325
91677721
91583448
91660382
91618897
91647871
91655938
91670567
91582694
91630126
91650271
91562866
91588263
91664508
91569477
91701172
91640398
91564511
91612786
91544946
91675106
91586300
91704323
91704848
91482398
91637501
91569173
91592468
91680830
91550041
91560674
91606611
91723077
91603085
91550033
91535533
91586050
91515120
91702699
91553209
91583459
91635855
91571867
91687155
91655840
91643546
91637421
91654842
91520008
91629930
91603586
91653201
91488772
91712920
91698775
91576664
91441746
91585580
91634743
91578400
91708073
91574981
91694900
91691820
91702785
91572318
91646337
91696753
91638017
91659962
91654894
91532525
91615841
91684663
91659985
91470016
91694197
91665966
91666424
51302415
7
3
2
2
