1
0
84438511
96939858
96759132
96930525
96880596
96791914
96798101
96917557
96795615
96791107
96836308
96817869
96732893
96924287
96954206
96888523
96872920
96905726
96697520
96774615
96824667
96910233
96695418
96757292
96773838
96809030
96781081
96927266
96729764
96805786
96742014
96925036
96776231
96841208
96715179
96936131
96780126
96826242
96780302
96823658
96777323
96804980
96906463
96906207
96766081
96826617
96737480
96918858
96778460
96792917
96684987
96846268
96782844
96816437
96787955
96873976
96838492
96901486
96784039
96790079
96781454
96730485
96788947
96920562
96768613
96730756
96731138
96780647
96932997
96819634
96807750
96797993
96885881
96844225
96894026
96859769
96658299
96906660
96903836
96836460
96710481
96889875
96732839
96698152
96730709
96680832
96829170
96780603
96720190
96782934
96877754
96767630
96719136
96748220
96798133
96678758
96801332
96711893
96741291
96755673
96720027
96687311
96791079
96811786
96923285
96789042
96841612
96798455
96817929
96804807
96930674
96701399
96948298
96812513
96920027
96684606
96795442
96779953
96937315
96716437
96836636
96841074
96953446
96920105
96876889
96942608
96983445
96812423
96936245
96842663
96834202
96828768
96729786
96918061
96853335
96880109
96820696
96907034
96729279
96893924
96820716
96937436
96898862
96815586
96840557
96727111
96930314
96713257
96706846
96888845
96840263
96842661
96763125
96896428
96919453
96798426
96969971
96935974
96935933
96895163
96692899
96910347
96864681
96934692
96810524
96909419
96694954
96717746
96819397
96945235
96784755
96823906
96700158
96909160
96824124
96721169
96803631
70182218
1
2
3
1
1
0
