96822612
96972118
96826174
96948856
96837452
96799174
96721223
96760427
96745468
96819882
96861580
96718952
96941769
96870754
96783061
96948320
96793401
96937404
96801092
96837052
96739358
96759219
96976723
96843522
96846046
96829594
96889465
96935172
96965801
96874457
96882130
96882827
96809628
96751547
96708726
96841766
96717385
96733560
96705769
96837023
96774016
96815569
96890973
96859817
96809213
96840945
96740736
96879209
96986205
96726497
96986700
96832011
96851983
96845192
96855121
96825607
96865574
96828588
96761546
96838297
96867747
96728943
96849310
96723814
96835691
96829621
96849022
96835159
96847781
96837332
96892146
96838607
96897562
96746932
96758413
96915518
96832219
96815419
96865012
96813754
96824685
96937483
96757150
96834140
96746643
96835829
96885952
96849958
96913082
96810286
96828553
96739625
96832093
96850422
96732977
96834184
96752139
96805766
96735722
96725983
96754667
96801647
96740248
96805347
96722374
96798194
96736277
96812124
96829399
96842762
96852107
96887346
96859545
96864899
96920289
96834559
96819814
96912887
96855574
97007283
96840604
96824998
96821219
96975062
96738979
96745503
96838139
96831283
96842488
96855714
96973674
96973477
96872241
96946087
96848857
96847570
96987773
96944593
96965946
96932641
96798763
96892324
96961079
96968690
96936224
96964426
96861099
96821755
96813354
96842478
96782606
96956267
96947881
96877949
96892436
96818068
96903217
96919342
96980970
96979547
96904796
96919998
96857208
96935045
96968609
96970044
96769608
96870898
96937489
96942636
96917054
96936257
96886744
96980080
96883305
96845459
96967269