4
3
4805172
94654869
94615879
94590609
94708480
94531209
94683340
94707064
94702031
94633591
94623389
94721474
94669424
94709071
94716608
94679299
94725269
94636902
94502469
94715824
94734541
94642397
94664596
94602084
94594582
94721931
94614883
94634357
94506609
94712405
94606172
94594983
94719350
94731587
94697416
94626239
94643240
94655126
94683494
94657713
94689118
94613198
94692612
94716648
94703785
94625478
94719903
94690254
94705032
94628587
94501880
94734402
94618460
94734340
94595922
94661479
94618457
94669389
94594709
94484302
94586230
94710776
94714197
94722364
94707365
94612343
94610009
94701064
94683081
94720108
94711516
94739756
94695420
94714453
94604208
94586571
94717785
94736079
94708274
94713571
94721029
94728876
94706740
94701698
94703701
94729787
94702025
94727544
94706511
94719502
94710118
94660659
94727623
94720348
94707403
94710904
94598504
94699022
94704081
94603985
94705254
94702864
94610124
94729269
94641775
94726128
94752847
94580914
94723392
94572769
94618820
94723620
94700752
94704144
94716154
94574533
94711907
94670882
94503452
94729618
94691626
94696489
94671789
94650388
94707673
94708179
94681187
94590292
94565728
94713170
94622101
94594826
94599555
94709758
94511467
94669444
94605884
94659202
94510050
94718494
94649526
94703780
94597067
94709645
94724064
94715778
94638748
94671154
94672635
94662689
94709080
94740306
94697834
94655068
94737983
94649403
94630631
94706465
94592219
94741292
94725557
94686649
94706684
94686101
94699714
94711442
94686184
94661395
94577622
94641199
94616522
94550463
94729570
94643700
94677798
94699204
94526368
94643193
26822282
3
5
1
1
1
3
3
6
2
3
1
2
