134522078
134561297
134505477
134716605
134480274
134518645
134511884
134646072
134511792
134475750
134421424
134457567
134510863
134476646
134487615
134452867
134581038
134512617
134441106
134589896
134421761
134511228
134470897
134570408
134489618
134486005
134491832
134482222
134529476
134473368
134671168
134490711
134573896
134725202
134689591
134550728
134774032
134435799
134503864
134453312
134451492
134497453
134438852
134511859
134491427
134500773
134487333
134410238
134489744
134595381
134480636
134474413
134498666
134489529
134521195
134439226
134477925
134465071
134442647
134509996
134431684
134468583
134468081
134503360
134528211
134527571
134446361
134470191
134470812
134495336
134568136
134626169
134469579
134592240
134540766
134498908
134467241
134594362
134574352
134807930
134421259
134491808
134496385
134483377
134490331
134482394
134507822
134486576
134534939
134465919
134485457
134522124
134437169
134506586
134486054
134616186
134457845
134544381
134591206
134508706
134511129
134503847
134021558
134350357
134506555
134501894
134486637
134498649
134494866
134492365
134494727
134494766
134512725
134486209
134527315
134524832
134323762
134214338
133978320
134363950
134661599
134504362
134561005
134661658
134503603
134425057
134508044
134496674
134535497
134521494
134536560
134533560
134484305
134471194
134428517
134513340
134512973
134497459
134469842
134482179
134561441
134603943
134416425
134604988
134956176
134535219
134487375
134459128
134498457
134461775
134437584
134501083
134476721
134533452
134471157
134525740
134728982
134707735
134476245
134444728
134514840
134486478
134525928
134502669
134519333
134470949
134456175
134483187
134587397
134492671
134543765
134569107
134576976
134436760
134667867
134476026
134437927