0
10125397
15078339
15071943
15074565
15070924
15074173
15072899
15069739
15061451
15072915
15079235
15065435
15074096
15068443
15073299
15073034
15071395
15074667
15074659
15077046
15071149
15078107
15071819
15075598
15073477
15072620
15077699
15071853
15070797
15074763
15076659
15072771
15078374
15071581
15073703
15072279
15073932
15086555
15069749
15076171
15074227
15071275
15072744
15073421
15071736
15078819
15075396
15072464
15073971
15072555
15075251
15072066
15073487
15069307
15072627
15068334
15068521
15072449
15076491
15082834
15079555
15072455
15069539
15082699
15081201
15086315
15084866
15116035
15068858
15071883
15073275
15069458
15073099
15073787
15065499
15072750
15072587
15072803
15099531
15084589
15078507
15083150
15073267
15073152
15067872
15075059
15075523
15071531
15070891
15066266
15070667
15071438
15088733
15070315
15085723
15072193
15083699
15074114
15087683
15087978
15085811
15076731
15083599
15072723
15074775
15076979
15073977
15076595
15075136
15075778
15071868
15069446
15066307
15073994
15070027
15076851
15074579
15071651
15080171
15073619
15078267
15068955
15066642
15070531
15073105
15084611
15069067
15077859
15073292
15074496
15076155
15075259
15071059
15062747
15075327
15070923
15071915
15074141
15068019
15076075
15070507
15070559
15072913
15074807
15086939
15075713
15072787
15072825
15073615
15072477
15074657
15073369
15070083
15073467
15074691
15077259
15074259
15065586
15073792
15071746
15080539
15069491
15071851
15073371
15085227
15074931
15077843
15131106
15073710
15073995
15077433
15074309
15073963
15073490
15070436
15079113
15068319
15066547
5979365
0
0
0
