0
73374049
100499392
100493599
100516392
100488013
100550420
100530458
100526764
100517043
100504804
100502053
100479547
100477978
100523429
100521568
100509249
100467801
100475844
100460607
100519654
100562727
100467712
100518568
100492307
100478587
100581026
100531799
100494031
100650594
100445155
100526527
100568007
100497153
100591388
100496606
100580355
100509791
100516253
100544891
100545373
100572328
100501778
100613562
100449820
100520280
100485165
100447428
100503325
100518224
100493196
100497824
100519368
100554358
100511659
100489246
100628537
100533761
100466106
100536095
100512266
100509581
100492038
100605221
100503876
100584678
100530212
100478295
100525351
100466834
100536854
100490298
100526559
100488078
100521790
100495395
100534125
100465771
100505088
100570096
100495432
100506681
100509567
100576374
100625837
100515594
100570624
100504586
100499887
100479315
100570662
100490331
100496156
100485422
100521852
100483785
100468775
100529464
100532718
100441450
100492751
100499999
100497613
100473403
100493794
100481133
100522247
100494608
100522950
100522727
100486622
100511714
100497022
100534729
100499797
100505480
100519824
100534615
100512521
100574089
100598285
100537816
100543035
100513943
100532778
100503036
100479533
100495781
100509325
100523073
100568825
100485998
100502733
100464354
100509145
100508211
100532698
100463480
100520925
100569927
100582434
100543369
100505061
100580640
100546300
100576203
100502719
100517044
100469167
100483372
100515646
100462214
100509744
100500634
100543036
100495228
100494947
100495257
100513251
100447304
100488840
100551996
100520053
100605657
100524542
100499691
100529071
100453639
100501872
100542574
100496441
100491603
100526969
100531034
100492064
100595189
100499758
100557740
100494912
28324679
0
0
0
