100524701
100464566
100509453
100601689
100497445
100497400
100518956
100487995
100524030
100485081
100532593
100595742
100513714
100518078
100512971
100515471
100540149
100493619
100484662
100545790
100572213
100567007
100494784
100576353
100499650
100505364
100536040
100533881
100501369
100545457
100497622
100532998
100491440
100503516
100506234
100547556
100502836
100496085
100471275
100460099
100485423
100833588
100510856
100487773
100532552
100493766
100526504
100497126
100541638
100498681
100589649
100522780
100525991
100533145
100529857
100478945
100534125
100502391
100537076
100487153
100496128
100553339
100477979
100527595
100595932
100554774
100551337
100596683
100484232
100547133
100563292
100520630
100480583
100508942
100501559
100482986
100487592
100482525
100594588
100483043
100471340
100498090
100670220
100602604
100732646
100477303
100609843
100525306
100608964
100522604
100580786
100565297
100509237
100505203
100582635
100510310
100467665
100508155
100494178
100484268
100476310
100500281
100536669
100513047
100507234
100552132
100502810
100537593
100512314
100520400
100524075
100490977
100489232
100516249
100494423
100445466
100495780
100511996
100562660
100519259
100553283
100498250
100479398
100486551
100519840
100510072
100548346
100498238
100514571
100463739
100515260
100493125
100498499
100464580
100503167
100462973
100531908
100532519
100476423
100509774
100518910
100542750
100523878
100483006
100458762
100471253
100498464
100533061
100498640
100525261
100513057
100500027
100495544
100499085
100512092
100500997
100669072
100445596
100470913
100603210
100499964
100494403
100490739
100505239
100506179
100490825
100469868
100487370
100504845
100503574
100547849
100495409
100499471
100494240
100508019
100542424
100506919