0
0
0
0
43555573
120452991
120410078
120509880
120430650
120401927
120443605
120431054
120480329
120423276
120419194
120442883
120472244
120473721
120447366
120391451
120424051
120523595
120455172
120451504
120425291
120489519
120457736
120479047
120407564
120414277
120427261
120462397
120440354
120392858
120449331
120437865
120458586
120422278
120527653
120431263
120467844
120442358
120441568
120596041
120496465
120535645
120525230
120444000
120568241
120413233
120603965
120426829
120431604
120392048
120427119
120462226
120436465
120456536
120444145
120440676
120420843
120447822
120446206
120476729
120401086
120364158
120582466
120466028
120500764
120600414
120434751
120490992
120407982
120429966
120438954
120446827
120386543
120407744
120409770
120476989
120433836
120426982
120419732
120416196
120470345
120456775
120395938
120434351
120451082
120521204
120439475
120420180
120502499
120496243
120438020
120371152
120518617
120416236
120419648
120379811
120445920
120522063
120551132
120432824
120415940
120403935
120455555
120456665
120469622
120447170
120538964
120505604
120559373
120447840
120527227
120619327
120505439
120485348
120548416
120402670
120410813
120414384
120490999
120542147
120459167
120591980
120496054
120421209
120472104
120434934
120417954
120429151
120358472
120508185
120446728
120412457
120426019
120427033
120477994
120430259
120415494
120488999
120380228
120485360
120459669
120422014
120364759
120427155
120410143
120437413
120497850
120427924
120393363
120363055
120387712
120562180
120442651
120427165
120446894
120416453
120402420
120418526
120516355
120414744
120429714
120402563
120460103
120418228
120448493
120460752
120549767
120411815
120518614
120452040
120821683
120421519
120422178
120378340
120564439
120433986
120461031
120461243
77908824
7906397
7910685
7896350
5037040
0
0
0
