15073751
15073539
15072398
15070197
15084132
15070757
15073031
15073308
15075774
15086815
15076606
15074230
15071007
15067999
15072255
15076036
15075431
15073623
15077710
15069335
15065870
15080508
15079820
15072398
15077742
15072875
15072070
15072631
15073935
15072014
15085647
15072659
15073055
15084776
15069334
15082879
15069734
15088646
15082767
15083869
15076766
15081503
15064598
15064004
15062073
15076835
15071262
15068494
15071887
15074006
15070230
15072287
15070974
15079366
15068271
15074129
15076671
15065220
15069914
15073006
15072872
15067577
15072996
15072487
15068214
15081270
15069390
15071271
15072974
15074823
15075402
15069214
15075958
15073135
15088686
15092414
15085097
15073598
15073702
15073103
15070974
15066803
15075574
15078840
15073098
15078126
15071127
15072542
15076097
15075671
15066862
15072222
15084751
15072862
15070982
15072119
15069086
15078926
15068047
15068445
15070892
15065206
15087623
15097353
15072150
15068423
15073776
15075464
15074671
15076294
15074158
15074447
15070572
15073673
15093615
15088604
15088926
15086006
15072458
15077334
15075711
15071903
15072070
15071694
15073743
15073774
15074806
15075590
15074262
15071393
15086697
15081184
15075598
15070455
15073856
15071412
15071618
15072535
15070725
15076510
15065695
15067790
15066718
15074321
15074801
15068243
15072639
15072354
15076954
15076095
15079743
15075318
15072174
15073367
15074644
15070254
15075479
15069582
15078504
15074863
15071527
15074550
15077415
15073934
15075486
15076255
15072942
15082186
15073583
15074326
15075654
15072030
15076375
15066916
15085038
15072863
15076278