100510948
100497871
100531866
100507056
100609432
100508516
100467300
100485220
100488342
100499342
100569415
100588706
100506219
100503708
100495171
100479934
100541358
100496104
100534739
100485744
100581176
100481267
100482166
100499389
100494795
100525045
100489361
100587624
100525380
100503210
100493138
100544440
100537036
100480494
100505109
100592483
100581675
100578154
100568942
100502843
100513430
100508460
100517599
100510893
100571932
100486604
100518623
100512004
100530615
100486523
100495483
100506854
100549509
100481052
100514258
100510146
100493985
100527910
100578501
100501705
100425813
100507957
100498540
100494678
100520613
100587242
100496266
100688001
100598672
100568898
100450321
100518950
100518273
100571296
100590827
100542745
100508101
100497888
100488174
100482597
100483310
100463005
100503707
100525762
100510607
100504791
100466530
100483289
100491371
100505155
100468538
100476970
100499578
100500534
100499000
100490542
100516661
100499456
100519942
100525572
100499331
100496405
100510270
100445197
100481716
100512552
100547473
100538592
100520977
100497826
100516393
100536800
100521640
100597533
100503143
100524557
100489095
100534590
100468456
100524002
100595702
100496445
100576148
100554291
100609904
100517726
100506152
100531423
100587188
100532338
100485853
100518975
100562648
100510902
100491478
100495125
100577442
100531478
100483455
100512081
100504281
100531025
100579323
100496759
100485434
100470974
100517542
100556294
100575857
100479240
100636485
100520283
100520928
100541657
100655453
100500505
100499261
100535757
100503542
100571983
100493415
100495697
100491216
100663508
100490868
100509061
100506774
100553337
100519614
100528148
100480102
100534536
100578045
100569683
100519061
100484360
100467212