120691703
120413654
120423034
120464543
120445972
120423175
120425304
120423815
120458454
120419358
120421754
120525653
120405660
120433411
120471254
120399886
120435336
120390515
120429328
120361983
120427410
120373551
120450584
120411721
120368854
120441923
120401149
120372266
120408974
120353070
120502854
120451487
120428650
120343747
120484869
120511081
120435964
120598999
120507533
120413410
120389434
120476367
120612003
120623959
120477203
120520937
120592480
120417635
120332366
120421459
120438303
120458449
120429126
120357575
120433992
120420103
120432309
120440179
120665126
120535666
120438598
120417069
120417883
120447169
120439302
120459205
120360451
120410767
120348067
120458155
120448695
120418106
120383304
120513299
120388961
120394257
120364721
120391494
120463918
120426417
120434906
120428988
120450607
120428782
120449874
120415430
120435552
120416097
120437640
120406261
120445722
120453266
120460532
120441366
120423963
120556738
120529858
120438614
120423188
120467154
120417600
120515688
120386517
120386105
120454274
120444262
120387515
120382948
120464102
120529637
120407787
120426267
120417624
120454034
120424154
120750399
120400121
120405921
120450218
120450920
120426556
120467723
120445464
120427075
120403429
120462905
120451721
120456867
120535028
120468330
120416296
120465597
120439653
120393799
120393425
120411507
120454006
120409713
120471599
120438795
120459737
120406836
120568062
120592690
120352507
120455420
120374755
120428438
120393449
120397650
120400619
120568167
120437174
120454263
120393508
120419818
120422473
120380329
120411274
120443235
120430334
120535503
120473520
120426569
120448459
120405255
120397167
120440202
120453486
120349342
120385747
120475117
120549513
120399571
120517968
120435081
120408794