0
0
0
0
0
0
0
0
0
2208089
15074324
15068935
15072389
15080819
15073827
15070300
15097726
15071675
15081566
15087645
15074820
15063735
15074315
15084151
15081029
15072110
15068189
15075539
15085160
15076966
15074308
15072749
15070797
15072559
15072183
15075829
15076245
15073243
15074014
15068934
15077709
15082579
15072776
15073199
15074162
15084207
15068838
15077210
15073133
15098048
15074018
15076565
15074789
15076852
15072923
15074470
15072499
15075047
15073352
15072005
15071068
15078564
15074078
15075205
15071183
15071861
15084446
15066210
15073588
15072775
15073221
15068564
15067764
15072150
15068983
15074117
15074725
15074949
15079528
15072470
15076037
15080229
15074867
15071547
15073086
15073758
15074465
15072685
15069513
15071893
15073878
15075277
15078757
15076010
15077268
15078386
15077222
15069255
15070065
15074564
15071885
15072532
15075692
15075204
15071077
15076064
15087307
15072912
15082269
15074244
15068391
15076203
15078628
15076363
15072476
15074131
15072581
15073197
15075090
15071020
15071306
15069893
15074899
15072484
15073779
15068637
15074760
15082598
15068445
15072989
15075892
15074032
15073667
15072413
15075270
15074533
15071604
15070514
15071864
15094206
15073957
15092511
15074204
15074834
15068774
15072534
15072086
15068762
15072676
15081653
15073837
15076023
15074397
15073861
15069336
15066768
15077322
15077437
15080262
15074292
15072796
15072758
15093648
15076055
15072113
15073857
15070661
15072916
15084110
15091021
15079949
15076953
15072529
15075629
15070773
15070942
15072493
15075566
15068269
15087013
15088501
15085813
15075611
15079209
15072588
15070891
15069779
13872564
0
0
0
