0
57196501
120432538
120437734
120426122
120408044
120433138
120402260
120403939
120391707
120415502
120401835
120459609
120412346
120475804
120421183
120462812
120382315
120454113
120460665
120421510
120454819
120404338
120419788
120445074
120708477
120410374
120456577
120491548
120488499
120498715
120491941
120406023
120498798
120437151
120424341
120435050
120453139
120409501
120757468
120641082
120438215
120412980
120465638
120416518
120490309
120455487
120336191
120425487
120438755
120527734
120413240
120421269
120547984
120466563
120450571
120432253
120403139
120443420
120390437
120463763
120572563
120435375
120505501
120445625
120423771
120485622
120450336
120492210
120453899
120473977
120420976
120472601
120346406
120463260
120542799
120412322
120462952
120406137
120425421
120388893
120581457
120394554
120425631
120430243
120418293
120438147
120440073
120490221
120510613
120492882
120420141
120545487
120526940
120508199
120537848
120382174
120432694
120423131
120416425
120398009
120492414
120460588
120443348
120415715
120389654
120450389
120437765
120427650
120458117
120390649
120427393
120411966
120419911
120371813
120407954
120413100
120409877
120442175
120502011
120438498
120460505
120405716
120428385
120466224
120407743
120429832
120435970
120458579
120444304
120423667
120477097
120435123
120428153
120414043
120432125
120377530
120438034
120419375
120393598
120454121
120405809
120444091
120399612
120615834
120442568
120377925
120412830
120420186
120474353
120524055
120518525
120428981
120438292
120517717
120422958
120527787
120524519
120432808
120434023
120406401
120435602
120434236
120438736
120449702
120439946
120387452
120529861
120436595
120457971
120427569
120521494
120458055
120489519
120407991
120476677
120386641
120591061
120432913
66695722
7891799
7909980
7931816
3884315
0
0
