134456741
134494902
134501188
134497768
134499544
134500755
134477918
134472290
134495861
134493439
134586571
134588122
134473101
134476971
134548964
134510791
134516288
134508510
134511325
134506292
134500663
134453082
134471301
134510372
134516144
134562762
134483028
134544524
134498411
134519595
134498287
134483081
134499279
134453274
134471536
134605843
134587720
134531094
134513070
134483388
134492550
134530402
134524113
134655012
134516125
134507523
134524630
134585470
134512885
134563570
134653855
134465288
134574461
134550028
134526617
134485546
134538887
134500829
134505020
134443191
134568490
134529656
134451885
134473041
134400531
134495163
134488377
134495574
134524669
134536753
134500734
134424007
134495382
134530659
134490874
134493082
134428818
134469846
134480729
134484825
134493962
134481628
134476836
134489541
134482884
134511609
134516383
134482500
134548604
134522438
134482276
134486204
134489603
134539280
134612888
134566552
134505724
134498427
134458928
134528082
134405946
134511227
134604863
134506333
134513351
134465069
134475268
134487544
134511474
134505210
134469766
134504433
134555878
134526637
134506071
134491053
134662008
134617222
134461818
134513106
134660693
134483672
134428106
134465840
134524877
134491524
134500866
134492629
134494382
134540582
134506776
134429006
134524679
134509891
134509500
134562364
134500091
134520555
134478170
134514098
134620016
134499244
134525744
134505365
134621098
134468290
134479258
134495035
134512188
134699966
134533506
134555730
134502925
134544953
134597470
134752356
134424891
134501365
134479596
134522405
134460970
134461267
134621129
134588760
134540594
134483969
134513177
134490681
134519245
134481023
134483055
134457399
134545542
134493552
134526060
134484043
134519126