0
126311380
134487688
134475065
134514715
134513596
134446022
134537755
134541359
134478948
134473633
134480719
134474609
134472510
134492636
134477316
134477947
134549773
134477297
134536924
134475232
134517124
134524945
134517207
134606196
134503512
134550861
134524812
134494042
134569236
134517894
134498690
134481504
134472787
134475761
134499453
134575973
134460892
134446516
134488263
134485527
134564423
134427114
134474213
134528008
134487328
134453818
134526569
134463888
134515465
134488394
134494954
134506495
134502776
134497912
134460327
134465124
134499306
134488351
134491038
134480580
134472587
134454981
134494466
134398390
134500570
134710674
134518396
134520223
134711995
134482389
134491839
134583209
134482403
134495178
134489863
134600578
134524761
134478872
134445107
134494087
134489549
134512533
134460082
134433091
134563433
134481340
134475799
134550072
134479107
134533883
134505560
134494755
134458225
134414787
134527824
134486202
134446508
134462334
134498917
134448241
134572271
134506377
134603234
134817768
134459248
134501831
134434047
134518646
134435190
134567388
134546807
134460891
134585610
134487356
134477768
134465186
134475304
134859501
134507618
134472000
134519061
134513572
134480311
134492121
134433868
134520083
134475204
134479127
134484640
134489078
134732297
134553180
134567868
134555175
134506917
134534895
134555285
134509650
134513753
134484089
134512319
134482568
134448359
134479454
134496156
134447130
134433363
134450755
134549492
134555449
134582113
134618438
134601793
134455523
134521472
134476790
134477460
134413805
134512387
134527838
134463099
134470288
134601440
134561554
134452536
134505874
134481353
134545222
134494149
134501185
134477014
134453419
134505174
134536917
134477861
134515214
134472992
134492500
14503246
7886821
7900109
7896305
7902573
7890323
7895430
7897496
7895749
7899566
7901157
7894245
7896357
7899630
7889571
7898847
7896788
7897335
7892069
7889246
7888669
7904589
7896056
7904356
7897837
7896614
7900238
956535
0
0
