0
88136503
105560785
105537675
105506954
105532796
105577116
105514402
105551554
105586138
105622838
105549714
105514880
105493026
105528560
105523361
105603909
105516966
105518848
105523874
105599560
105601298
105511614
105559558
105568945
105495283
105527355
105519657
105595545
105559148
105620413
105486685
105622154
105545571
105523824
105491546
105529859
105537374
105542440
105702953
105495935
105626794
105542694
105555242
105531977
105505991
105480351
105557980
105473838
105507266
105567529
105491130
105556759
105535970
105519646
105509165
105531661
105509694
105533613
105542976
105547859
105550046
105577438
105549058
105488241
105562144
105538687
105520870
105559485
105548713
105486148
105539829
105527995
105481082
105520602
105537069
105497888
105566894
105530730
105525671
105495029
105464698
105489440
105543128
105502304
105461924
105663037
105504367
105512338
105477933
105533067
105544260
105535548
105541706
105530611
105551396
105549664
105500340
105536488
105591302
105570658
105472318
105524519
105489347
105529014
105517471
105548801
105506057
105572439
105518712
105516334
105562198
105537065
105579208
105531295
105533329
105506886
105528788
105480239
105520148
105523901
105564301
105550709
105604938
105563434
105510197
105530573
105494474
105562361
105548135
105521686
105505919
105569796
105522240
105585729
105545642
105503092
105617237
105547649
105530274
105545230
105522608
105509116
105544178
105542762
105566741
105550558
105519654
105502278
105561760
105620916
105534794
105592830
105597635
105612657
105520521
105507915
105544977
105550620
105534778
105533307
105537113
105576626
105487798
105519017
105529798
105464380
105492989
105540219
105557989
105528177
105568727
105485886
105636742
105543690
105582040
105566903
105566287
105519346
19699084
0
0
