105518094
105537431
105532196
105530286
105471369
105681125
105510574
105495464
105563937
105567487
105508013
105597619
105541950
105515884
105579787
105546771
105525795
105531305
105563039
105592279
105653124
105581668
105517292
105552077
105485696
105493823
105484946
105514448
105531230
105571351
105497965
105526626
105536660
105554580
105538411
105550490
105709333
105523171
105565717
105575960
105495067
105539311
105553635
105500100
105527927
105516381
105540221
105547863
105520966
105520697
105585699
105574776
105520569
105572553
105593942
105561682
105512681
105588805
105455591
105538989
105499728
105567204
105559244
105560549
105536131
105489913
105519685
105525391
105612257
105513904
105547210
105519703
105545861
105482462
105506601
105559953
105516954
105606540
105705799
105589686
105540405
105519516
105557430
105523019
105547172
105550117
105521854
105571599
105614224
105481178
105519881
105508053
105536039
105534289
105514649
105506906
105632338
105508206
105530002
105516627
105593691
105591409
105595252
105533607
105604279
105525052
105579504
105488056
105514499
105532752
105928380
105537558
105561450
105551156
105555310
105585776
105682134
105521201
105516908
105543229
105536973
105519311
105614518
105522249
105506477
105514156
105520106
105523064
105561013
105512312
105540504
105512433
105535823
105531206
105519730
105512650
105534346
105533890
105604094
105527767
105551082
105487042
105523561
105567774
105530583
105516565
105525658
105519161
105515170
105550894
105517858
105503869
105453852
105624270
105545478
105599087
105542801
105579149
105551055
105508008
105497126
105592013
105527473
105537074
105521723
105489363
105558886
105529713
105594443
105496969
105496881
105526905
105553420
105545953
105502487
105529449
105572406