105518085
105538724
105532877
105518891
105548156
105561017
105560095
105543425
105472896
105534888
105528022
105517492
105535943
105453001
105552120
105498901
105532706
105491565
105523876
105466723
105507236
105529751
105518815
105593468
105527371
105494808
105512589
105520424
105519016
105559455
105561603
105545257
105566220
105583991
105560351
105512965
105591874
105510662
105498512
105548755
105515434
105530470
105516569
105538211
105541242
105689374
105482761
105518298
105568926
105617125
105567774
105555065
105507660
105574277
105561964
105528289
105529250
105569580
105535748
105514821
105520334
105577658
105524796
105512289
105554935
105498507
105520329
105489643
105714105
105522112
105523728
105553377
105587244
105524395
105666321
105518228
105532930
105552487
105707262
105692852
105575412
105535678
105545121
105547717
105589134
105529356
105518885
105528960
105557458
105531010
105534172
105571223
105550500
105546958
105540231
105484936
105542901
105530115
105445843
105534593
105497563
105529748
105507174
105518276
105527110
105596193
105521408
105527351
105587749
105520503
105504223
105505326
105570157
105710067
105640942
105594457
105507818
105515902
105497831
105527815
105529185
105537760
105510518
105518664
105539352
105539613
105535702
105520159
105512750
105510880
105528566
105569243
105640320
105704850
105531893
105605148
105527396
105526064
105623636
105499115
105513598
105543111
105532056
105525009
105481819
105482360
105518578
105564575
105527895
105484806
105522133
105562821
105520305
105500888
105556085
105518711
105544554
105517987
105597245
105500366
105728570
105534229
105535192
105528419
105547242
105530370
105514546
105521674
105509468
105575718
105506402
105507914
105533288
105528209
105502314
105512943
105533810