0
27417348
30151216
30150005
30158441
30143924
30139159
30172026
30148667
30138836
30141690
30149737
30147790
30144532
30174744
30171091
30149958
30167875
30169646
30143648
30149595
30175273
30156453
30141889
30149492
30150695
30152284
30140659
30163652
30142299
30146076
30150611
30137475
30157265
30150644
30151534
30141172
30156632
30144088
30149061
30194540
30154455
30153414
30152356
30157060
30152781
30148855
30163663
30155363
30149044
30165811
30145780
30166497
30149152
30146658
30129486
30202406
30146067
30169211
30147462
30146890
30144319
30150248
30147827
30149602
30140732
30150407
30156995
30150676
30151699
30146452
30171715
30145520
30170141
30162847
30172969
30167875
30149940
30144855
30172680
30175351
30152582
30140773
30152284
30156192
30153345
30141216
30139684
30141011
30152673
30143970
30161596
30167923
30154600
30143516
30140447
30145828
30149379
30147572
30151205
30146250
30140287
30145240
30151251
30131776
30150393
30151924
30155794
30164004
30147885
30151236
30150820
30135604
30145757
30146324
30141235
30145333
30141107
30169508
30163739
30144083
30153847
30144312
30156596
30149490
30169618
30171387
30174645
30169839
30150230
30150402
30149172
30153091
30157562
30145647
30154369
30147739
30149861
30155220
30158100
30177364
30173563
30148709
30149522
30148220
30152488
30148740
30148653
30142838
30143256
30135237
30148555
30148180
30149399
30154667
30147069
30183574
30152365
30158409
30163104
30151486
30152292
30147751
30145331
30156765
30136705
30150547
30147042
30146042
30148216
30148416
30149763
30150849
30146026
30148498
30150004
30148437
30148380
30151984
3897311
0
0
