0
0
3555014
30143550
30138812
30151273
30142286
30145747
30165163
30155372
30145447
30159013
30142760
30144304
30151291
30189897
30154586
30149239
30134472
30198621
30137914
30155141
30151040
30142947
30158212
30155277
30139515
30150172
30141323
30143414
30148218
30150410
30151153
30156559
30137481
30156079
30138521
30179114
30153051
30152602
30148584
30170856
30148373
30151316
30137180
30157724
30146360
30145885
30144009
30132466
30155917
30160900
30176182
30147208
30150378
30147068
30134093
30148188
30153353
30149849
30154148
30145052
30149316
30143004
30149117
30154809
30147832
30152347
30145052
30155200
30142282
30149643
30145134
30140880
30145709
30152923
30139930
30160746
30152588
30138302
30150079
30146204
30155614
30146986
30149409
30146879
30152880
30148997
30149907
30161680
30149313
30139580
30144603
30145948
30145238
30146506
30146009
30129232
30167169
30163301
30141692
30150102
30145722
30162203
30147224
30145081
30142206
30142970
30146892
30155721
30142771
30148425
30146202
30148808
30150409
30157498
30155918
30148174
30155329
30139563
30153545
30145690
30174630
30153573
30151979
30151009
30153021
30145283
30152785
30144571
30149684
30155554
30136554
30161871
30172065
30143029
30175013
30142791
30155198
30143674
30150507
30149898
30148701
30149919
30214279
30139276
30147467
30147355
30134588
30146874
30149342
30142380
30139759
30157877
30147581
30143516
30148568
30164218
30207163
30195141
30143317
30143977
30142669
30166281
30151866
30161833
30203519
30151867
30149840
30146666
30185018
30163474
30151867
30153033
30159255
30180077
30149354
30145164
30159287
30150006
28130563
0
0
0
0
