30155799
30149936
30148064
30147622
30144522
30143846
30160786
30150965
30156258
30147993
30148434
30144966
30147870
30147985
30199413
30152307
30137890
30157270
30151301
30145544
30143450
30154024
30153200
30149990
30148898
30148164
30145143
30174214
30168939
30170563
30152520
30154315
30150336
30148171
30144950
30142116
30153103
30168714
30151910
30150374
30197578
30149885
30149126
30130335
30151904
30142122
30173160
30130614
30169306
30153016
30151686
30145232
30141093
30159910
30158632
30154696
30139909
30170425
30149559
30146609
30146742
30127594
30155879
30144389
30133108
30151159
30161473
30148844
30150930
30144887
30135967
30175533
30141958
30136759
30152325
30156278
30144742
30149695
30151994
30157344
30143479
30145147
30149894
30150890
30147858
30175827
30157952
30147282
30153638
30148459
30151878
30152784
30146742
30146711
30153868
30166531
30155318
30149161
30143632
30149765
30160351
30139897
30171569
30170709
30143830
30149259
30162982
30148480
30154678
30154582
30151717
30144758
30148557
30241729
30140336
30141884
30167454
30148708
30147029
30157547
30147542
30146966
30144693
30154322
30153487
30154036
30145030
30147412
30150760
30135918
30153836
30141750
30147444
30147193
30144333
30147558
30148138
30154357
30149112
30152117
30149862
30193381
30146163
30152172
30152950
30143989
30142052
30154578
30150403
30149648
30168558
30134206
30168011
30186932
30158856
30154294
30149401
30150727
30155629
30128998
30170032
30153558
30130854
30154328
30154053
30150343
30154310
30154012
30169524
30167340
30147910
30151442
30155008
30151403
30163960
30144339
30146315
30146328