0
35790676
45227497
45214421
45214396
45202481
45220292
45229483
45243470
45254990
45240000
45225710
45239729
45229328
45195621
45214876
45252461
45211943
45272697
45217406
45221529
45226938
45222344
45219570
45235623
45216860
45220425
45223315
45224774
45218346
45223431
45218499
45225017
45223061
45209943
45204519
45231400
45232288
45213994
45221763
45202050
45249973
45224472
45238665
45224746
45211514
45202816
45228413
45226845
45221181
45205374
45222492
45223773
45229262
45222923
45214508
45246582
45250655
45226002
45227982
45215111
45236020
45219760
45227709
45226549
45232397
45215142
45218448
45233811
45235522
45240073
45219480
45222692
45231224
45206192
45224411
45225388
45217358
45220159
45225896
45229722
45250562
45215590
45241374
45226301
45220128
45261400
45223013
45229263
45260385
45221147
45238739
45238958
45221251
45232396
45232793
45224978
45233922
45226981
45253156
45227577
45231554
45239634
45230217
45222314
45256824
45266123
45254080
45256791
45266355
45224434
45339745
45212268
45208287
45219937
45216899
45207777
45211948
45225268
45224432
45208492
45223924
45217204
45229990
45226787
45233216
45223385
45221481
45203657
45234843
45265531
45252259
45217385
45240685
45207527
45226406
45218303
45224791
45219334
45231210
45223045
45230159
45282991
45224541
45235737
45234006
45234098
45225713
45206925
45201385
45202727
45223274
45224990
45206230
45213917
45219304
45220038
45236916
45222847
45231461
45242502
45233344
45222156
45210160
45219455
45252525
45212368
45261840
45219396
45222236
45208355
45226993
45219143
45232297
45227523
45217896
45233393
45224743
45237753
11709270
0
0
0
