45216374
45232489
45214602
45235411
45199128
45218983
45262617
45230916
45229109
45227387
45224495
45217005
45246472
45281430
45245720
45226218
45223171
45236872
45225638
45236210
45222499
45217122
45227465
45222182
45224045
45227124
45211875
45238032
45223731
45227521
45244321
45217814
45208859
45246690
45224670
45229213
45227167
45218833
45227473
45219376
45213164
45216096
45226752
45210823
45229961
45245725
45225040
45263720
45221451
45217994
45243212
45218258
45214416
45219117
45254542
45206803
45250135
45222350
45234566
45265053
45223648
45254863
45256756
45226320
45217447
45224122
45220535
45233929
45229661
45221393
45213219
45216481
45239976
45217869
45218724
45238874
45229304
45217374
45229267
45222134
45236631
45222758
45238841
45205194
45221820
45270087
45295801
45229785
45224295
45209679
45206779
45247625
45243951
45228272
45254423
45210419
45230809
45210780
45233289
45229937
45236601
45209178
45252355
45240336
45227289
45278785
45230760
45232153
45230424
45227803
45213212
45228117
45196729
45227346
45216776
45217450
45221423
45229096
45249294
45234628
45209732
45230501
45233883
45226574
45229421
45215910
45219933
45220224
45252604
45207472
45226585
45221157
45218115
45212635
45216845
45233095
45224894
45221854
45207667
45251444
45211741
45258940
45219047
45221945
45223809
45246824
45222322
45262217
45226317
45230121
45257975
45233297
45199652
45228218
45224779
45226937
45235266
45242776
45213180
45223716
45236355
45218073
45266231
45228509
45226033
45221235
45200753
45253908
45217652
45224944
45222574
45205675
45224504
45214673
45236542
45219611
45231273