45227512
45221394
45229444
45225194
45226274
45249625
45211467
45226405
45238644
45217765
45219858
45212931
45229520
45238546
45214458
45281657
45228831
45213502
45223857
45204160
45215502
45267637
45230483
45255511
45226662
45230094
45219589
45240824
45230128
45209628
45213268
45215366
45237734
45230784
45231955
45225208
45203230
45283166
45221087
45218599
45225857
45206407
45192607
45271243
45222500
45221046
45223395
45230354
45221036
45237737
45235011
45218456
45226914
45216634
45222686
45229125
45234278
45253493
45250604
45237173
45226020
45224082
45224191
45210368
45222431
45226275
45238006
45245760
45215072
45219304
45202268
45223613
45265187
45255238
45220073
45232364
45228758
45212717
45214142
45207125
45227161
45230637
45230178
45235064
45220856
45237551
45231205
45227805
45218857
45243242
45201494
45235356
45232061
45219004
45225942
45223929
45259510
45272600
45215876
45220037
45217242
45268384
45223292
45212967
45261167
45216307
45230433
45218509
45226547
45258932
45231303
45225638
45222424
45216162
45253919
45213959
45227282
45222225
45420071
45231752
45250873
45226801
45225814
45233321
45227171
45302034
45237721
45262001
45266606
45227766
45235485
45248741
45215842
45234177
45220221
45221755
45209901
45224738
45220039
45211999
45220020
45220709
45215971
45225954
45231674
45288968
45210574
45235010
45264644
45230224
45227373
45237124
45222077
45205420
45228390
45225553
45227880
45229544
45228446
45217614
45221870
45247572
45334739
45270161
45217715
45250001
45248859
45262313
45218808
45283143
45221549
45221791
45219696
45205722
45213749
45218523
45215659