60339849
60292808
60288961
60306361
60296152
60394892
60295223
60299395
60322866
60315759
60281900
60297362
60272352
60304024
60317131
60308812
60290522
60304272
60288012
60297452
60386389
60291184
60290352
60299948
60347724
60274275
60311884
60290916
60304016
60296428
60299955
60294887
60293444
60293502
60287731
60328513
60279934
60288691
60302636
60299084
60297419
60327481
60299413
60305937
60275883
60288845
60342571
60299419
60298075
60308293
60293106
60315631
60299944
60366312
60330375
60294863
60299380
60280147
60307152
60345172
60303339
60298732
60369937
60344088
60290572
60322065
60331563
60308120
60323084
60271063
60307581
60291502
60278244
60309127
60282343
60306115
60311939
60290530
60293976
60287000
60315340
60292027
60308116
60332824
60303865
60309331
60352026
60291400
60312723
60295630
60287402
60284104
60291467
60283132
60301643
60306501
60275939
60303927
60293172
60374317
60294546
60288342
60309356
60311084
60308730
60293292
60304383
60308523
60298295
60330654
60342732
60293131
60301011
60396674
60337357
60345173
60308758
60299916
60300799
60278627
60334579
60291505
60294160
60305131
60293334
60296554
60291633
60269181
60291838
60311020
60421355
60289029
60306943
60306365
60306266
60295832
60310154
60300729
60301314
60317131
60293228
60297292
60276085
60299948
60288785
60299275
60304845
60280983
60331564
60289990
60358924
60358226
60298167
60297308
60306234
60296499
60310156
60278685
60290458
60303073
60309452
60295918
60302482
60290544
60316123
60292172
60297979
60340008
60331595
60353868
60294122
60310188
60303335
60317039
60276587
60299838
60300188