0
52594314
60341836
60415048
60308520
60312100
60312900
60276667
60310667
60305234
60313453
60281874
60292347
60307197
60323380
60290813
60305068
60300755
60271396
60284510
60274538
60314207
60310688
60294374
60290572
60306622
60305599
60337484
60310187
60293960
60280184
60307660
60338584
60292140
60508524
60301580
60311832
60275116
60305706
60296464
60318801
60322366
60313612
60302955
60383782
60295654
60308365
60290428
60277153
60297093
60290385
60331531
60297818
60317804
60306927
60285471
60291023
60297360
60304775
60293200
60291613
60342593
60329746
60300748
60345451
60343172
60306762
60311167
60296888
60313665
60310955
60305117
60287084
60286147
60326443
60300325
60304002
60330850
60305950
60307660
60314041
60290101
60273695
60307911
60288635
60287896
60314874
60278604
60302348
60301667
60286654
60278919
60298137
60303339
60334273
60347067
60338281
60303340
60287979
60286419
60269244
60281929
60291372
60271659
60397418
60289893
60295270
60302034
60297696
60274197
60306796
60310122
60305011
60270828
60274536
60296153
60289482
60304299
60312212
60291027
60301400
60319134
60293430
60307660
60307225
60305848
60324514
60297056
60292697
60319745
60365891
60305316
60302508
60307578
60298348
60315626
60276875
60316204
60386251
60296521
60303703
60315450
60316972
60298222
60314412
60331595
60285110
60343389
60287052
60375211
60281900
60291703
60322463
60293315
60302033
60320750
60337345
60291759
60342668
60301706
60289071
60289327
60311169
60317900
60298956
60304387
60301675
60305772
60355779
60335120
60347475
60329771
60295293
60435488
60303403
60301358
60320226
60317506
60283595
9682966
0
0
