0
12175857
60365250
60312711
60360999
60300478
60291680
60301583
60275376
60312418
60304422
60300404
60294388
60292207
60347325
60314900
60309793
60302132
60337971
60349158
60299508
60314931
60269872
60296738
60397170
60282087
60301201
60270746
60307951
60296917
60403644
60340973
60300844
60297392
60273941
60305627
60293484
60296386
60307283
60350291
60334923
60351574
60334874
60292378
60318825
60299075
60282776
60282544
60302700
60284786
60370485
60293673
60306570
60300295
60293387
60309715
60297240
60278297
60290281
60309788
60311315
60307631
60312141
60300502
60408934
60302770
60306379
60311921
60292563
60300228
60263540
60273653
60297728
60308019
60301567
60299812
60273451
60302400
60307084
60263474
60292406
60305964
60291871
60299751
60297814
60305735
60296770
60299552
60304049
60305494
60339662
60292569
60278963
60280560
60301993
60312341
60285846
60307399
60312371
60305642
60308947
60323280
60296050
60304634
60298631
60301622
60299203
60339840
60307190
60299992
60290067
60322841
60290513
60296884
60301804
60311866
60308019
60297657
60314942
60319112
60294325
60313055
60319989
60311422
60308926
60353266
60290966
60328663
60285237
60313801
60287383
60326957
60309780
60293022
60294847
60291165
60287604
60295218
60305492
60284216
60286677
60296850
60325425
60359189
60299895
60345639
60293653
60282686
60305673
60298534
60327555
60290682
60331769
60311218
60301977
60303801
60298029
60306499
60300442
60296108
60317492
60275752
60276720
60308212
60307149
60308075
60340807
60298302
60293488
60306390
60343273
60333515
60304641
60301236
60326035
60264532
60300067
60299508
60277076
50156837
0
0
0
0
