75387826
75366749
75399086
75364162
75638011
75376110
75387464
75383981
75380226
75352568
75386425
75374286
75380039
75391415
75350558
75424817
75359945
75404773
75420369
75349332
75381631
75380095
75393479
75365717
75374084
75375528
75382930
75354754
75336854
75439108
75372297
75367421
75394317
75377198
75370021
75399038
75374437
75475571
75388029
75383467
75355842
75356452
75389620
75387933
75368498
75371537
75349850
75365074
75347873
75358635
75365564
75377827
75356433
75379613
75369243
75500918
75499787
75379322
75443436
75362294
75376791
75392049
75363009
75528911
75370450
75372146
75366672
75402388
75366033
75408411
75384406
75492192
75371098
75381614
75354911
75379050
75376803
75373459
75364922
75375350
75389478
75365103
75384746
75363781
75362089
75340738
75379694
75423757
75375259
75373897
75360208
75369118
75444890
75356986
75373556
75381905
75382632
75422441
75387748
75373604
75442228
75381529
75357856
75440141
75376238
75416764
75366304
75362226
75361533
75418166
75431966
75395433
75371691
75387770
75378582
75384761
75383574
75374717
75374044
75365275
75398295
75410348
75365758
75371983
75381041
75349472
75373624
75385655
75357377
75381325
75382805
75358135
75376046
75388556
75364113
75384380
75435468
75393607
75359257
75363743
75409912
75436620
75427339
75421987
75377033
75385964
75395811
75383231
75367069
75347419
75354765
75377706
75358811
75381155
75336980
75371597
75390113
75343534
75425766
75428087
75442278
75388916
75369406
75403359
75363910
75489057
75377689
75389724
75366256
75380648
75352275
75335536
75363657
75373797
75362431
75376374
75343265