0
1217883
75440153
75374089
75415493
75471308
75367072
75382872
75399680
75366333
75379385
75380984
75355605
75371815
75351025
75428169
75367963
75343938
75376709
75356662
75396678
75388564
75384556
75371031
75392477
75489687
75368742
75342068
75418075
75404331
75381407
75382577
75399050
75378825
75384419
75378243
75368646
75387514
75353019
75375321
75379474
75349002
75385732
75367582
75359033
75388067
75372608
75390632
75409492
75383321
75371660
75371121
75387857
75385035
75376591
75363890
75363619
75364767
75395328
75363512
75381403
75368331
75398613
75375005
75366500
75384010
75374081
75377537
75396594
75361546
75398999
75378773
75379427
75374305
75377925
75387551
75381075
75381837
75380186
75370072
75341008
75393323
75386838
75368143
75364597
75369328
75392616
75360379
75359784
75365989
75363778
75350879
75387086
75353297
75420134
75391811
75374005
75369953
75348519
75395552
75349522
75335809
75393680
75368187
75410283
75367369
75386691
75389168
75376672
75345021
75377338
75370817
75399885
75438140
75392832
75377384
75367116
75377907
75359413
75369196
75388392
75378345
75392633
75426825
75417471
75422719
75368041
75348030
75406560
75348307
75434348
75509624
75382188
75375103
75372728
75364743
75380095
75367478
75375892
75370322
75376270
75403369
75412169
75425274
75382600
75381405
75376813
75358889
75393057
75363874
75392835
75365149
75373632
75343913
75366987
75396229
75379488
75419635
75359314
75376032
75368270
75392983
75373233
75393064
75336696
75364696
75393290
75378302
75390220
75379715
75362169
75392773
75382359
75392859
75383198
75380950
75373696
75377612
75377276
75428552
817640
0
0
0
0
0
0
