75366859
75399251
75355936
75376052
75369750
75390789
75409840
75373811
75418393
75380703
75387750
75374392
75397475
75370247
75375570
75334212
75354299
75378492
75406216
75421279
75360301
75379766
75499608
75492695
75430121
75425857
75379620
75387051
75473670
75401062
75373565
75407284
75378799
75387327
75365769
75339837
75350793
75440135
75407951
75488871
75381684
75362026
75362769
75502191
75406930
75346670
75397996
75362899
75349595
75379739
75386315
75373188
75367869
75437755
75338327
75377929
75369423
75382886
75417927
75436020
75382800
75361918
75375346
75323532
75375453
75381693
75424288
75386059
75451182
75401762
75373290
75373589
75391694
75368484
75363683
75386383
75383926
75378145
75365070
75465846
75367913
75326230
75365705
75338529
75384121
75358205
75368084
75377553
75355368
75329767
75441634
75380698
75430192
75427420
75387360
75400876
75373281
75382841
75448855
75489999
75381645
75383283
75379318
75365251
75340760
75389055
75398249
75387476
75391236
75384615
75399869
75357381
75484772
75416527
75392078
75379986
75398975
75366421
75374884
75367882
75395478
75373975
75361087
75371360
75370054
75379931
75380023
75378894
75393700
75373874
75370755
75369364
75392195
75368332
75385532
75366282
75455152
75380871
75361847
75376952
75357665
75414678
75462343
75376711
75360760
75354271
75378446
75346061
75432201
75428917
75390669
75364999
75389523
75352007
75368967
75386040
75350831
75449202
75370197
75373095
75344425
75368958
75360381
75374530
75372686
75360684
75383853
75366041
75374218
75351768
75360535
75424669
75359227
75371882
75414376
75384685
75353656