97448623
97532874
97496288
97475896
97473304
97497654
97478703
97610171
97474145
97454663
97499797
97480117
97543436
97485898
97475269
97504795
97552692
97475453
97463417
97495233
97478420
97483078
97507462
97504709
97503436
97480230
97540965
97476300
97510325
97517118
97514786
97495547
97474562
97492149
97486414
97478003
97574114
97504312
97478710
97465621
97497225
97485498
97480112
97473684
97509832
97501083
97487031
97498803
97602768
97505145
97530878
97474876
97424253
97559926
97506658
97484876
97492061
97464582
97461157
97476697
97518334
97484952
97526024
97478028
97465736
97497722
97514639
97522506
97507202
97504355
97499347
97520668
97467024
97512607
97483446
97484268
97502788
97497070
97505888
97585429
97486173
97563577
97515751
97434393
97437279
97557052
97469810
97496103
97469237
97517053
97490657
97500690
97482660
97493829
97501022
97505505
97612480
97479385
97489665
97548740
97462822
97514342
97451432
97488434
97487511
97463404
97473835
97508049
97460305
97510347
97494693
97496228
97485578
97472202
97546630
97547268
97541928
97542172
97466646
97587212
97495567
97482759
97451923
97446140
97500861
97481498
97516956
97528721
97443990
97495277
97471796
97478534
97501258
97546648
97764020
97550303
97553058
97496524
97478000
97556305
97508652
97556093
97499575
97520749
97535664
97659989
97497957
97515281
97462895
97478369
97566115
97456562
97490087
97497139
97466316
97494400
97479181
97518178
97495558
97475641
97491638
97476862
97629832
97499894
97447995
97499643
97487015
97451720
97499164
97506253
97520974
97494190
97506406
97511031
97503813
97447258
97602941