0
72110564
93518803
93459080
93483639
93486620
93469182
93426624
93486965
93461208
93467420
93466148
93477223
93470734
93443796
93441901
93566506
93464278
93489870
93470015
93492619
93472991
93515116
93462921
93462755
93524131
93529449
93455358
93510613
93446192
93455604
93480880
93454443
93498238
93540010
93446429
93472209
93500243
93446003
93455188
93494070
93458965
93489288
93440624
93463206
93509485
93461666
93470021
93476360
93435053
93463597
93486990
93420055
93459302
93453496
93455346
93457787
93511416
93510475
93452082
93468397
93560751
93487123
93469498
93463004
93471024
93472027
93500138
93476552
93459419
93571249
93563588
93551276
93452563
93483656
93481334
93471189
93454992
93461387
93490005
93427836
93504368
93519990
93548835
93452357
93515061
93463661
93471547
93474907
93489716
93462179
93475153
93432025
93452785
93434155
93471374
93464720
93449166
93424592
93478621
93470293
93479878
93453929
93459388
93482769
93614134
93461611
93478553
93465125
93594217
93472036
93465335
93508931
93442421
93460551
93499720
93452378
93456781
93491555
93515220
93481518
93566898
93554975
93515712
93462338
93634859
93523414
93460304
93514668
93444082
93461425
93489622
93441198
93464010
93503098
93486912
93433338
93459668
93460392
93481962
93454037
93429275
93449061
93461256
93477877
93467051
93524451
93468642
93456794
93511307
93479215
93496486
93446893
93480390
93417069
93468730
93466526
93444505
93472072
93438805
93499747
93486165
93469796
93481806
93516600
93472354
93683287
93445829
93470925
93441876
93464832
93458779
93464297
93462157
93478457
93498512
93506506
93517212
93554525
23599886
0
0
