0
78651742
94477895
94484396
94485736
94492278
94478364
94489652
94481183
94396383
94455346
94529147
94477713
94471935
94478933
94543629
94467060
94402460
94480567
94488432
94473805
94425412
94570402
94470045
94464083
94465598
94474347
94514613
94826078
94468467
94475612
94516150
94544002
94468180
94616620
94538306
94458961
94551622
94468123
94467115
94473388
94477254
94438065
94480882
94468926
94564864
94453443
94478862
94459817
94485863
94624197
94480232
94520557
94538625
94491799
94488660
94439825
94460719
94466913
94539052
94477919
94496037
94483412
94481084
94472236
94482594
94487032
94452040
94514122
94463588
94462165
94468771
94465464
94500133
94539040
94428549
94486470
94467466
94544181
94489097
94472069
94520314
94455233
94479549
94441278
94480085
94480762
94477460
94569352
94489706
94431901
94466175
94452657
94520480
94535894
94437582
94443245
94497903
94407472
94543170
94488370
94453878
94483429
94470854
94475291
94450370
94476935
94481522
94483578
94474635
94489787
94489175
94472972
94445340
94524822
94465593
94491872
94444537
94457817
94465662
94473611
94503279
94500862
94471843
94408793
94481367
94456680
94563838
94483613
94479069
94475619
94489957
94488316
94473594
94550307
94436341
94501311
94467104
94455375
94450475
94442683
94460701
94470249
94442101
94463120
94470750
94474449
94479820
94463123
94492140
94455797
94504586
94536552
94541315
94526537
94471018
94542804
94520908
94462475
94573228
94432808
94443520
94438064
94437060
94464829
94614601
94493447
94444076
94489476
94481401
94440292
94479980
94453375
94511858
94487636
94463468
94487887
94472305
94465133
17502033
0
0
0
0
0
0
0
0
0
0
0
