0
98430836
99564072
99579520
99502670
99511320
99534648
99585713
99510245
99510676
99582950
99503076
99536691
99561167
99464023
99459138
99487799
99510806
99475838
99491468
99500673
99543641
99500968
99512473
99518090
99554781
99504486
99606542
99574538
99585479
99482609
99484256
99618516
99522347
99496485
99506386
99512668
99495750
99474610
99502384
99515746
99579906
99558031
99472410
99513149
99494089
99489524
99558680
99516264
99489621
99483545
99537455
99481400
99645966
99490885
99491552
99485388
99541348
99519382
99596850
99467832
99479132
99559900
99476301
99553835
99524533
99508602
99486614
99502117
99562630
99518495
99522304
99637268
99533333
99504106
99525748
99587013
99493017
99540013
99484539
99497882
99448573
99423342
99471214
99624119
99515261
99498113
99589729
99503347
99549292
99525064
99507679
99520969
99518261
99516154
99547268
99496924
99463753
99519253
99504272
99520840
99491499
99502067
99500774
99512949
99482452
99516590
99497494
99490225
99453483
99497829
99464537
99556699
99474758
99448586
99525364
99485972
99575924
99573292
99542388
99553012
99571512
99555140
99516009
99482603
99513313
99463697
99438700
99489873
99589066
99498182
99509312
99558378
99495597
99501515
99501954
99500939
99504440
99532508
99461854
99520251
99568443
99487679
99489121
99499207
99500261
99544664
99515529
99482120
99538251
99539205
99530297
99523380
99534254
99511823
99566784
99513733
99567957
99584157
99472775
99510377
99545843
99543675
99516884
99636082
99517339
99551069
99579923
99517282
99483074
99488309
99607982
99607316
99489919
99490692
99588301
99485192
99514968
99498425
776541
0
0
