277556
96474260
96486804
96484806
96407773
96534352
96515788
96458539
96414523
96494091
96517895
96645173
96493790
96474269
96492779
96494438
96489440
96499977
96467855
96486579
96557061
96484974
96487596
96527045
96545744
96544140
96498853
96481376
96465366
96534988
96497390
96516850
96495070
96480089
96445754
96498205
96489266
96504179
96489968
96516642
96483565
96505489
96504455
96466896
96500213
96484212
96436704
96462840
96493728
96496568
96513466
96457703
96476045
96491612
96471678
96459800
96472979
96485074
96489392
96470271
96500544
96482385
96499248
96488372
96477073
96503733
96516988
96511221
96492056
96522969
96477127
96460375
96500344
96491026
96480149
96473330
96461036
96498498
96463035
96470256
96460116
96488520
96460639
96552341
96487420
96479051
96486897
96467049
96528757
96490971
96477510
96467923
96511636
96493217
96496190
96498675
96476969
96472115
96486494
96472419
96485002
96477656
96575417
96641815
96587276
96460003
96434578
96495151
96443997
96461918
96484726
96502889
96525754
96482759
96561447
96503900
96494339
96456337
96539482
96526098
96586026
96460271
96468084
96516575
96470584
96501664
96496218
96512749
96476882
96489551
96488750
96495020
96474453
96535891
96471123
96547112
96518182
96484179
96494103
96449672
96503980
96455986
96460337
96494287
96470799
96469621
96443250
96511932
96488340
96504424
96472753
96519263
96481068
96523294
96464191
96500419
96600167
96525122
96420873
96524639
96500080
96469121
96565114
96685789
96445364
96483659
96620883
96616648
96462313
96464363
96484562
96532664
96483545
96496970
96484399
96470960
96520981
96499435
96546991
884702
0
0
