98489715
98503400
98496422
98454262
98487316
98497711
98497611
98474921
98498706
98464561
98492411
98477534
98492188
98478796
98484531
98514444
98593049
98484918
98491711
98595600
98496633
98487305
98541351
98521899
98544950
98548734
98505975
98499810
98641487
98500325
98484296
98582922
98464156
98500806
98482814
98512576
98504208
98482898
98487923
98482605
98487361
98473656
98492024
98512871
98492403
98450927
98476849
98485042
98489420
98505467
98491636
98521065
98468567
98464234
98487193
98487626
98490625
98549222
98542447
98571307
98501490
98488936
98469156
98505785
98487276
98493132
98445143
98497325
98454859
98505711
98505839
98470886
98463840
98514745
98487272
98473529
98569763
98507971
98485776
98481399
98562808
98488580
98471243
98521943
98473444
98556026
98454880
98497123
98507366
98519641
98523744
98464659
98516484
98481640
98488486
98441163
98491930
98501035
98571784
98519543
98480694
98499209
98528983
98503388
98481005
98468092
98509223
98479201
98531036
98489637
98513811
98465495
98472873
98493086
98507017
98509518
98492186
98503229
98486660
98492425
98512597
98504359
98470846
98463029
98493532
98504713
98484681
98460917
98505373
98550093
98568333
98490605
98514968
98507157
98440156
98512746
98522844
98494305
98506345
98486873
98505167
98506794
98501723
98487212
98512802
98514060
98458559
98504583
98490453
98468459
98465773
98484540
98477591
98466739
98484941
98495429
98509479
98475180
98563564
98526912
98500018
98512383
98470255
98456363
98501070
98546135
98479070
98520738
98468871
98464595
98492086
98487306
98469970
98489809
98507172
98497514
98506235