0
42078339
91452378
91408324
91439024
91795345
91413394
91501011
91553546
91473836
91477274
91450729
91447623
91491394
91498520
91442572
91449853
91454058
91489243
91453470
91489520
91431343
91473326
91458161
91554679
91444901
91438010
91431455
91472339
91478159
91455296
91456475
91478964
91493946
91458398
91449672
91421089
91414691
91447789
91486823
91531815
91453793
91505591
91456431
91450045
91501382
91556477
91481889
91540136
91473681
91465187
91480209
91434061
91435028
91549387
91498724
91452749
91576057
91467085
91448654
91480919
91460123
91451505
91501980
91505825
91494321
91466764
91512666
91542612
91471221
91506475
91450914
91452626
91455609
91484441
91485505
91438790
91467373
91543633
91442071
91438779
91457121
91432746
91443838
91458780
91475584
91489562
91477610
91444590
91455031
91463504
91423925
91449045
91516634
91435494
91594523
91441155
91513630
91537107
91451219
91545621
91450803
91444419
91504930
91527795
91548813
91465577
91456214
91432180
91439162
91445922
91536876
91460415
91453919
91443182
91441563
91454699
91451701
91443625
91462182
91459414
91459709
91534252
91442423
91491921
91451094
91494792
91478233
91517103
91457419
91461067
91461064
91510878
91632306
91624865
91466964
91604564
91433832
91501698
91535464
91475240
91489781
91449271
91446110
91437458
91462007
91564401
91446844
91581118
91462861
91453536
91405927
91441130
91444744
91542451
91517479
91438290
91485063
91485322
91477059
91420513
91451475
91465404
91470492
91542245
91457929
91470490
91632000
91482978
91456843
91453903
91464145
91431356
91445514
91477028
91515801
91446981
91461070
91478894
49588115
0
0
