93485907
93514511
93463418
93456533
93555409
93448373
93479738
93469454
93529181
93454920
93477117
93445543
93442692
93452960
93474432
93478812
93486367
93455296
93479680
93524831
93434498
93550900
93467967
93478355
93466584
93478550
93528141
93516087
93469726
93495272
93499844
93525139
93515557
93465606
93472901
93445490
93477204
93523036
93447079
93465668
93461440
93461366
93574329
93480984
93458780
93461844
93457126
93441720
93466700
93468838
93462592
93440689
93488296
93483610
93435294
93443449
93552568
93467695
93481532
93479502
93452775
93447395
93492718
93434004
93473549
93468916
93495489
93457750
93465261
93461949
93453246
93445394
93480834
93467981
93467606
93474606
93541138
93433072
93467507
93436647
93435014
93513674
93528103
93476430
93484059
93500416
93493735
93478421
93446009
93479911
93458870
93461262
93456775
93450342
93534114
93450223
93463642
93471778
93465157
93502924
93468872
93415103
93600706
93468192
93481040
93514968
93486796
93432588
93463613
93453067
93574444
93469231
93485763
93465882
93471216
93467234
93437870
93467602
93466440
93487460
93457789
93460654
93484301
93510447
93538326
93531567
93470285
93477277
93474645
93502208
93631264
93622054
93617612
93526749
93430990
93507756
93618103
93534184
93572459
93463936
93579993
93449287
93523401
93503224
93459432
93499001
93463552
93492648
93460263
93451072
93456322
93470355
93495048
93486788
93482944
93482400
93445976
93559932
93427771
93462872
93515493
93490747
93471217
93462624
93477381
93505629
93519059
93463986
93436526
93519548
93451688
93487622
93534169
93482919
93455724
93440414
93460008