90460631
90456446
90444511
90432386
90577657
90422080
90432656
90444503
90731078
90441239
90425731
90433407
90416480
90371710
90389374
90430325
90409624
90443934
90456057
90445925
90446269
90604058
90451951
90451854
90463990
90445162
90415827
90544952
90450885
90474098
90452068
90453022
90439824
90454363
90438351
90429465
90466804
90471225
90432560
90442156
90460283
90447336
90443870
90462582
90437445
90449238
90436168
90466542
90694273
90450824
90522885
90496296
90505111
90456457
90458297
90446881
90418488
90467998
90449928
90417034
90401437
90488071
90476505
90413400
90425973
90513054
90566980
90454487
90440460
90417889
90469831
90434693
90466486
90427963
90475485
90431026
90455734
90448341
90474713
90436694
90533781
90463740
90478257
90456223
90396810
90481673
90419689
90434203
90466069
90447783
90473459
90444425
90441607
90454612
90453362
90479830
90443249
90444649
90464537
90413828
90432906
90569022
90487308
90424974
90465220
90398766
90451998
90427708
90438409
90443190
90430950
90442971
90500977
90527934
90466036
90434286
90506632
90441940
90444081
90439556
90446939
90438662
90567418
90521141
90414736
90442053
90470245
90438483
90555181
90429193
90471973
90488220
90443044
90430874
90446994
90457678
90457132
90456270
90413384
90468754
90449387
90439552
90431235
90469105
90422889
90473120
90464847
90504952
90452697
90449577
90438496
90433111
90441373
90457837
90435266
90549732
90477843
90477729
90422064
90453494
90444140
90465367
90422014
90449523
90447471
90457765
90439937
90460664
90436687
90509858
90790192
90509697
90441724
90425890
90429607
90462690
90452584