0
59385834
94487267
94450646
94489957
94464478
94496251
94476595
94533326
94466921
94475877
94486576
94451915
94458211
94463473
94445375
94477010
94463085
94613619
94460887
94464432
94469237
94483303
94491699
94489113
94452188
94536112
94460121
94531251
94556877
94455062
94475190
94530980
94503120
94470331
94474016
94464075
94489172
94500345
94470539
94464133
94435530
94444381
94467577
94470840
94579228
94527962
94495749
94462450
94502360
94473540
94473309
94419194
94542660
94530141
94460289
94456923
94481298
94436112
94474254
94489030
94469911
94519646
94477711
94532000
94514211
94538666
94486622
94432425
94497473
94476392
94428964
94469916
94502768
94454310
94453497
94487735
94524112
94448824
94438976
94491913
94473836
94460247
94494427
94459237
94446501
94475535
94460903
94466344
94482124
94483810
94466588
94475872
94478666
94475510
94415870
94470258
94499529
94491831
94528675
94469445
94472262
94469520
94450960
94487086
94493498
94461402
94464587
94499695
94473222
94459066
94429381
94465684
94473961
94487351
94478455
94481252
94456861
94471324
94475781
94514263
94501079
94441787
94488037
94444765
94436252
94477941
94465031
94471497
94505662
94491559
94467373
94460022
94468889
94475459
94458687
94527572
94469861
94469690
94562702
94536139
94542975
94514313
94471238
94487457
94483120
94477243
94474164
94478848
94493039
94473041
94468771
94485583
94492832
94485374
94465825
94494754
94467082
94466666
94511797
94505954
94398637
94516948
94533914
94498232
94526196
94553884
94583808
94478129
94496242
94461879
94476796
94475003
94475973
94506442
94453795
94484891
94467472
94451985
37314930
0
