92502549
92509620
92419677
92529411
92488835
92447813
92458373
92489037
92477656
92458125
92477214
92431572
92470942
92490798
92466311
92499171
92452974
92473828
92524974
92453954
92570812
92513905
92436278
92435007
92466465
92577072
92441290
92457609
92470744
92461860
92457272
92456547
92464455
92446706
92436849
92431669
92457795
92470301
92496137
92475874
92463785
92562571
92428852
92579579
92465578
92539258
92482152
92459258
92451035
92462217
92440202
92472207
92456191
92497894
92477847
92466972
92472935
92484415
92441171
92460265
92472438
92556748
92591408
92459604
92541696
92632828
92404226
92525826
92604313
92540699
92482299
92438624
92456332
92429203
92547890
92465383
92436252
92405959
92449170
92478902
92466588
92516893
92431322
92468986
92455183
92441105
92536323
92468246
92444489
92489461
92446326
92542403
92493910
92463064
92477542
92443739
92450476
92480335
92456341
92475628
92479410
92466662
92540766
92476698
92452773
92558801
92482505
92633669
92479019
92486188
92487438
92389791
92446651
92494999
92486046
92464741
92487915
92486625
92489919
92517276
92513347
92459907
92467220
92461124
92477972
92449483
92470032
92477470
92461968
92470497
92474775
92480566
92481420
92469842
92538022
92473984
92470495
92509560
92571114
92419755
92443255
92418907
92453461
92560526
92453389
92572575
92437259
92432905
92455636
92463373
92532559
92467919
92444510
92492454
92486596
92483767
92485261
92493947
92439104
92477693
92460556
92486382
92463556
92492947
92466050
92474495
92488889
92441342
92585192
92488638
92519352
92470668
92461076
92486951
92486536
92456736
92451343