0
0
64110545
92496392
92483881
92473311
92440059
92480761
92559610
92524990
92451261
92459866
92454384
92469919
92457646
92455016
92479213
92550458
92496752
92469613
92449941
92462970
92463928
92450275
92459112
92466988
92510099
92532648
92455686
92436442
92461401
92454725
92494631
92473995
92494418
92478132
92446044
92503452
92519243
92500640
92467262
92483474
92466209
92460009
92431013
92432867
92445285
92462437
92453435
92536656
92479999
92427131
92459367
92458785
92456773
92435431
92471679
92442372
92427235
92480659
92476414
92484662
92426205
92487690
92439287
92510385
92517609
92458459
92458307
92471775
92462182
92464352
92536707
92476418
92413396
92517414
92537610
92469897
92455091
92464106
92466611
92454431
92448800
92465900
92509080
92553530
92465370
92469836
92526682
92549516
92469653
92416400
92424603
92469347
92443653
92442849
92755717
92484060
92438574
92446328
92468969
92471203
92458004
92494009
92444258
92454122
92455752
92462077
92474211
92637598
92479996
92450771
92472106
92471832
92470296
92465527
92454620
92526476
92531701
92513125
92517939
92463230
92521071
92438589
92484628
92493250
92426240
92478844
92468769
92467546
92439808
92487036
92511020
92450398
92477709
92456877
92454960
92475590
92488637
92461641
92458978
92460780
92466107
92509699
92522547
92436743
92415936
92450466
92466796
92470453
92463701
92443405
92510152
92599817
92524623
92458448
92478275
92458342
92461679
92477442
92477732
92471527
92428039
92457291
92449963
92459713
92512932
92465083
92439768
92470752
92471349
92449401
92426856
92421994
92453496
92453056
92419766
92442038
92476890
92452375
30416972
0
0
0
0
0
