90450447
90444847
90451756
90441263
90482809
90462175
90442698
90480526
90464050
90417975
90415022
90511722
90474757
90480015
90444262
90449071
90467154
90457108
90479637
90420015
90435699
90523134
90462042
90525166
90454554
90467759
90448211
90469404
90442457
90483079
90448017
90540881
90454337
90525942
90464462
90456773
90434760
90516699
90468454
90450528
90483658
90441337
90518528
90443472
90428715
90463385
90454412
90440774
90488175
90443980
90450670
90448183
90499590
90432590
90537085
90469680
90471112
90426059
90436064
90442071
90469386
90448839
90473770
90463028
90466850
90556923
90450554
90466795
90480979
90440452
90455314
90471661
90456114
90451541
90455756
90458265
90460617
90423823
90465164
90443433
90474243
90480397
90511653
90448005
90473013
90487880
90449550
90480544
90463359
90507430
90420976
90446278
90463750
90448963
90461823
90457618
90467121
90438840
90406266
90463051
90465818
90462495
90586330
90438070
90460428
90431710
90442443
90443531
90463804
90520957
90447704
90456791
90440786
90469789
90447808
90424030
90440914
90465588
90470628
90478854
90433377
90457554
90443303
90469409
90483961
90469037
90474088
90460649
90478254
90406859
90463973
90447095
90444403
90505682
90587534
90700090
90447511
90470932
90570954
90488958
90418037
90463027
90505737
90471594
90476102
90444360
90455473
90477046
90443073
90813883
90432746
90459908
90473293
90468001
90450835
90469762
90472502
90451818
90461752
90418619
90422037
90460810
90453426
90661361
90417790
90439021
90403125
90478775
90467009
90458469
90471047
90441386
90445744
90547683
90421090
90480452
90470249