95052774
95530287
95544970
95464478
95637417
95473565
95521744
95482904
95449143
95485003
95498381
95504073
95433807
95546111
95518700
95439445
95469316
95442167
95509253
95467275
95472339
95477752
95473904
95493393
95497045
95468877
95436819
95479704
95467828
95514200
95491150
95521255
95468992
95527157
95446876
95481125
95462504
95532274
95480629
95475941
95534504
95476745
95463148
95494417
95488977
95492185
95453522
95508016
95483597
95487435
95484509
95441785
95497536
95479643
95453852
95574326
95451127
95540627
95479504
95521824
95474306
95459535
95527381
95545721
95558042
95536817
95509994
95447978
95470806
95560814
95507322
95639410
95500246
95488878
95772070
95472858
95453856
95488948
95457616
95465037
95460693
95470850
95464040
95483270
95497321
95484960
95489422
95436159
95543600
95443776
95455563
95412398
95494610
95504156
95467136
95438614
95477627
95433360
95418527
95474099
95505055
95487205
95481624
95496129
95468738
95423618
95463584
95501159
95468820
95492645
95477012
95537257
95480973
95488251
95465775
95467508
95504329
95435376
95470716
95581847
95589805
95525814
95480461
95436248
95531877
95554575
95552546
95478250
95483225
95493837
95495812
95507070
95479078
95471589
95501840
95494549
95466747
95434920
95456028
95543578
95525876
95507894
95514275
95501021
95421116
95548082
95512792
95464188
95550791
95636084
95462085
95494576
95498829
95474459
95536182
95505026
95467086
95467064
95472050
95496224
95575662
95518731
95497423
95504388
95511769
95470471
95479050
95545265
95464301
95457636
95480626
95521802
95534437
95534114
95500745
95573037
95478346
95499053