91416252
91505072
91508364
91439693
91420937
91460985
91454215
91437192
91500118
91458876
91460451
91485094
91459014
91476506
91538165
91465093
91439202
91514411
91464695
91456723
91473692
91477698
91455906
91496204
91460915
91533376
91465107
91449942
91455535
91460605
91453945
91454519
91482317
91450382
91514116
91450397
91436118
91559169
91460944
91444206
91411707
91473628
91446604
91421743
91443347
91457029
91442733
91480644
91458040
91470898
91450409
91478365
91440690
91470221
91443114
91456139
91444924
91420134
91467872
91424060
91458282
91505061
91460788
91472754
91465620
91460130
91449105
91467128
91477322
91471649
91732466
91433514
91445724
91451767
91453255
91467135
91424748
91460038
91478658
91536584
91403190
91570934
91520687
91569014
91458839
91458020
91515663
91421630
91458586
91503103
91490538
91499506
91460172
91457900
91539463
91449255
91663865
91460454
91466722
91427765
91431749
91500542
91475095
91448808
91558806
91484064
91437298
91450223
91417736
91456297
91478909
91461760
91476589
91452497
91456584
91462628
91484499
91440728
91435142
91460396
91506225
91423007
91494293
91537824
91490967
91466924
91463188
91468241
91415342
91538237
91471612
91445368
91454984
91426284
91427242
91423878
91438516
91479605
91485766
91461767
91418841
91455966
91504826
91438696
91443579
91434866
91454124
91446612
91424614
91444602
91456961
91474676
91455365
91483904
91486071
91493807
91467223
91467624
91467886
91443050
91547744
91445227
91461881
91455781
91498419
91485163
91473136
91476726
91449127
91471003
91423227
91474264
91505177
91451885
91461078
91492923
91454004
91331486