0
61951091
91468140
91484369
91447601
91469366
91514766
91454371
91455740
91570220
91463570
91603143
91467891
91477060
91459319
91441982
91562679
91448880
91593377
91453115
91499823
91465303
91495606
91449035
91417002
91441546
91412313
91463457
91458474
91545716
91436394
91442592
91566230
91528416
91434475
91428051
91456620
91433032
91450143
91450313
91472879
91537587
91472879
91453269
91463528
91438476
91444195
91405381
91445276
91429003
91447792
91474521
91469022
91537760
91493450
91520116
91519308
91446206
91470144
91463049
91456935
91470956
91471443
91472825
91463702
91454229
91475250
91481584
91459909
91471605
91459419
91423357
91442563
91537217
91458017
91459411
91468282
91456191
91479339
91454425
91475095
91454787
91472353
91475825
91478196
91418478
91518818
91459989
91458259
91449546
91416490
91385593
91474676
91457859
91397544
91508983
91544751
91475410
91436128
91451906
91351372
91504420
91444204
91418103
91460083
91501978
91427404
91479151
91490026
91463300
91489874
91483356
91533695
91499198
91493660
91479872
91456543
91452333
91461236
91489510
91451522
91430531
91454479
91478953
91476102
91445358
91488298
91465218
91459611
91504900
91467377
91540607
91471423
91538945
91591622
91455348
91443190
91533787
91472240
91467763
91503224
91581395
91421388
91515142
91478696
91424483
91457806
91445059
91438757
91453912
91435257
91453364
91472046
91461134
91438173
91427323
91470623
91512130
91444326
91452681
91404412
91443007
91439635
91448622
91417464
91415215
91412735
91435210
91443452
91443028
91557493
91488564
91521728
91438868
91452903
91545089
91443505
91521789
91423756
30547173
0
0
