0
87893362
92461723
92475031
92496211
92468842
92497236
92498141
92470352
92523416
92557103
92480719
92472548
92449999
92556937
92460665
92490857
92466660
92454071
92477563
92467109
92452264
92462551
92524618
92459938
92460641
92465867
92427316
92444626
92445551
92423493
92457795
92454042
92478550
92462341
92445472
92445727
92509429
92456910
92603355
92492228
92452265
92459298
92444643
92517878
92796839
92458338
92430745
92514138
92470162
92527427
92546160
92478273
92463171
92533993
92522698
92633062
92467433
92491844
92451544
92466421
92459046
92489681
92461247
92423410
92500218
92438036
92450031
92524202
92467765
92543804
92500702
92503205
92528551
92436489
92495100
92464272
92518635
92545010
92443061
92522228
92484708
92477953
92535004
92525668
92558489
92536455
92428567
92468509
92465857
92466432
92512895
92467830
92479003
92462883
92473148
92464926
92448712
92478223
92467227
92536284
92467888
92458860
92491913
92465888
92602729
92456174
92466010
92462315
92783475
92482107
92465933
92475955
92464298
92462471
92475704
92412816
92458455
92535069
92526333
92455597
92479325
92446895
92428095
92428439
92460433
92424935
92491820
92488317
92468718
92475232
92486130
92458256
92461553
92443434
92458636
92446867
92457757
92459662
92473957
92426354
92454862
92444422
92394499
92475571
92479944
92450280
92487547
92470462
92455688
92430772
92473157
92536591
92452654
92472176
92484940
92471994
92484469
92497177
92474015
92444298
92470598
92489864
92469964
92448649
92476688
92477262
92468215
92414928
92457601
92479077
92496436
92475324
92465338
92463181
92454369
92441657
92456715
92485632
6082376
0
0
