99499086
99538297
99501220
99513506
99504024
99451278
99480350
99520880
99583159
99539904
99495108
99464702
99476365
99536398
99521685
99468008
99487915
99499206
99507811
99495978
99498843
99460791
99550990
99506883
99488303
99466033
99622837
99504796
99522782
99540042
99583368
99511403
99512396
99489445
99515684
99622380
99492767
99627921
99612991
99504556
99489144
99599704
99499349
99503352
99501109
99492339
99507681
99631500
99532296
99527465
99457677
99468692
99528542
99469779
99474224
99535060
99492864
99519204
99517828
99496443
99475295
99509488
99488299
99489476
99474682
99478496
99520246
99494599
99546997
99502481
99436627
99509604
99499939
99504873
99469030
99493728
99529310
99475248
99540568
99461725
99493248
99558970
99456012
99536934
99486455
99563972
99504019
99648284
99537984
99479398
99504387
99479112
99515241
99469594
99603626
99466978
99499357
99497006
99523923
99495692
99559227
99474154
99487177
99517340
99485247
99567811
99480443
99548654
99490502
99605519
99473631
99477693
99470668
99604282
99521589
99507344
99509210
99487094
99506489
99510148
99514900
99495603
99559412
99559209
99588908
99510134
99502501
99514870
99485791
99620325
99565670
99585070
99489442
99495490
99530767
99505241
99529061
99497327
99502533
99596591
99515434
99488789
99513966
99496201
99475574
99598085
99535134
99516505
99533130
99501851
99514308
99527802
99652771
99505838
99511397
99512677
99485753
99515720
99496229
99656997
99491943
99473753
99502698
99539565
99485683
99534364
99503665
99514530
99449169
99503874
99474120
99536032
99582951
99500973
99520652
99497393
99529573