90457103
90458877
90523720
90464939
90516475
90484123
90465438
90448276
90445229
90427099
90476295
90471049
90440968
90537470
90416787
90444441
90470165
90484064
90470194
90430707
90457526
90472117
90464600
90458718
90496539
90452858
90494342
90558340
90443191
90466399
90433620
90460744
90500568
90415903
90458764
90460724
90416110
90442305
90441311
90528167
90454033
90484384
90452071
90389588
90455545
90431124
90489070
90524341
90471734
90420854
90470494
90441513
90449178
90442791
90440949
90450272
90442521
90494679
90450827
90437717
90667886
90436046
90419203
90414015
90438529
90412626
90463150
90454549
90460709
90432865
90440636
90459452
90414091
90496588
90429280
90459368
90421430
90499594
90420563
90575468
90540770
90446476
90463366
90508760
90492692
90599555
90469612
90468125
90439312
90414610
90435454
90474893
90455940
90448624
90465689
90462991
90464564
90461158
90472702
90444085
90435287
90452050
90477600
90601589
90476537
90462775
90518584
90506444
90602609
90446391
90448132
90442379
90529854
90414768
90455333
90448485
90440638
90444129
90474120
90454468
90458833
90454093
90481439
90450595
90449147
90528263
90551919
90473739
90460031
90477137
90482625
90450241
90463808
90495165
90444010
90438602
90475942
90446758
90463979
90449452
90480094
90429238
90433422
90443043
90521301
90453366
90460742
90471475
90551454
90457556
90543231
90448298
90477649
90461098
90451794
90513284
90502259
90534408
90459771
90657374
90457180
90468371
90480847
90508567
90475498
90447444
90479623
90447701
90427379
90508651
90603541
90510404
90434793
90441107
90462577
90390846
90439955