0
70589688
98541471
98452625
98567235
98482332
98567489
98479352
98534373
98523180
98496886
98545197
98555045
98514466
98480409
98490951
98498315
98491151
98515390
98479759
98486623
98483740
98492619
98604026
98598403
98569509
98578313
98559852
98468381
98654990
98604030
98503385
98484413
98502254
98775411
98492323
98486416
98497322
98484806
98449173
98469810
98502132
98482134
98492944
98451908
98479558
98444876
98516886
98676359
98465744
98570298
98455981
98511405
98496773
98478604
98497898
98529808
98485428
98493305
98527734
98463751
98495804
98510243
98512856
98545276
98461927
98555030
98511419
98585631
98513994
98515573
98499771
98500468
98483614
98514531
98531436
98495305
98498300
98538840
98487751
98478021
98508699
98470639
98464290
98488212
98484119
98501056
98503088
98512274
98485301
98771301
98489759
98502343
98612654
98473333
98440112
98481683
98492569
98434834
98539272
98487229
98483540
98581385
98471075
98554719
98501228
98498388
98476778
98517900
98537091
98465645
98491729
98490229
98510412
98459360
98475837
98503531
98498874
98562185
98464641
98477487
98516870
98490012
98499795
98546179
98581189
98537426
98479951
98490657
98484027
98452248
98580868
98522198
98584037
98466100
98494555
98538182
98485096
98514819
98516777
98508770
98471183
98464230
98473055
98495172
98579313
98522651
98511972
98527733
98550656
98528681
98488143
98445895
98515526
98489001
98480999
98436648
98449515
98549453
98561837
98516129
98544848
98481084
98505598
98520212
98489898
98509803
98583237
98506806
98501762
98502412
98501058
98518184
98512846
98669952
98523777
98497947
98448065
98508992
28351474
0
