93478092
93467707
93432602
93403052
93458486
93497056
93439493
93427075
93495135
93531341
93448020
93513968
93536096
93461663
93620417
93494726
93465715
93501998
93470267
93489174
93473585
93464387
93479402
93506209
93416263
93482555
93442156
93462490
93460766
93469045
93487224
93461133
93474789
93468910
93505245
93512018
93398127
93466055
93493946
93533399
93625396
93480574
93454419
93527004
93453299
93443653
93477267
93473814
93538573
93482001
93478572
93446822
93500378
93451044
93472286
93486537
93447004
93491241
93507602
93505148
93470802
93472197
93455390
93457289
93465824
93465185
93462827
93600476
93462758
93460738
93456745
93467995
93466997
93455699
93442295
93477104
93520456
93496157
93547472
93530976
93470386
93477325
93450660
93482507
93451873
93539226
93463285
93475211
93415826
93584212
93462393
93476236
93481552
93469852
93485927
93484147
93439390
93458686
93479481
93512785
93487768
93476741
93455357
93469052
93568881
93542852
93452979
93615902
93434964
93478166
93460453
93439249
93431222
93508143
93554793
93471219
93460617
93454476
93482645
93490139
93473983
93475982
93426550
93456516
93465746
93455359
93461720
93515389
93444640
93467641
93598503
93488963
93474536
93460562
93426679
93499210
93486775
93531085
93479965
93425244
93479002
93535675
93512744
93547438
93455539
93643003
93505101
93568125
93476157
93451780
93434341
93468882
93450763
93531969
93470088
93472208
93459130
93482941
93467258
93464064
93444608
93461555
93463662
93469624
93460115
93477605
93483275
93433761
93466917
93506554
93461581
93449939
93486535
93469452
93465792
93460630
93764882