0
50700836
97448288
97605515
97503313
97460811
97477007
97503344
97482159
97487807
97864288
97482725
97500479
97521163
97473679
97475380
97507480
97485254
97487382
97465927
97463379
97506913
97489593
97508490
97780469
97519588
97606482
97508563
97576162
97471313
97482019
97513676
97482196
97562458
97469714
97493125
97478295
97543768
97494367
97486106
97462653
97510729
97497734
97496001
97476584
97561078
97539584
97441774
97498072
97480895
97484444
97539988
97493790
97622926
97497428
97459380
97505359
97463309
97506215
97482548
97492767
97481564
97523117
97505580
97467062
97484930
97559864
97486518
97493270
97543408
97496276
97487686
97485204
97449761
97503538
97489488
97480227
97485465
97544445
97579019
97490202
97468751
97466804
97516694
97510043
97509992
97497299
97481896
97501033
97481131
97510956
97478493
97483573
97428841
97448932
97475750
97433019
97576032
97514859
97491976
97470019
97477776
97485135
97466673
97479183
97517654
97492439
97466101
97885282
97457003
97487426
97483100
97498490
97478171
97490798
97561664
97478439
97459708
97508233
97446845
97485012
97469226
97545839
97477662
97444614
97474667
97474183
97520967
97465384
97483421
97445313
97507961
97479163
97564748
97521632
97532817
97572460
97443656
97567951
97476709
97471645
97501506
97502781
97502313
97496935
97507155
97463546
97507042
97470283
97492443
97487555
97509948
97454747
97567425
97463821
97558800
97603774
97564837
97563918
97566193
97502703
97486635
97541360
97484009
97578585
97501511
97506030
97485226
97484444
97548708
97474897
97448533
97491639
97477034
97492485
97520542
97481197
97501795
97495825
48244276
0
0
0
