0
0
34106736
94468015
94500900
94512769
94457869
94564691
94475188
94472003
94470244
94483416
94652847
94455163
94477397
94471436
94469458
94499964
94456492
94551163
94529976
94468660
94476133
94518268
94485267
94466673
94481364
94466427
94488326
94475871
94498388
94516813
94491361
94446429
94456957
94457087
94496895
94483326
94443668
94475655
94451145
94434667
94493069
94579304
94453577
94474723
94532032
94480439
94490530
94482405
94456169
94508271
94476386
94483726
94483141
94450064
94499777
94433176
94456583
94464531
94434243
94467150
94485020
94494486
94456222
94491219
94495804
94451527
94477623
94451321
94477955
94493584
94473606
94476116
94451844
94454875
94500281
94479158
94499572
94477315
94535404
94483367
94460576
94474578
94464265
94616379
94461839
94561462
94470183
94544684
94476573
94478342
94467476
94478205
94468756
94474513
94620032
94470074
94455040
94581301
94462738
94494794
94487482
94499487
94465962
94489146
94481910
94416446
94511435
94485097
94474384
94527154
94478512
94466340
94499245
94467849
94460648
94445963
94472633
94481719
94485917
94474179
94473221
94474527
94449610
94483873
94488674
94506850
94495504
94465438
94480043
94461195
94471653
94493620
94625228
94536815
94638772
94571083
94466927
94472659
94546981
94515168
94528899
94470528
94430643
94515221
94509129
94428547
94485806
94475131
94449277
94481801
94489272
94482008
94471494
94490008
94466450
94465001
94488151
94516789
94573949
94555149
94553977
94474995
94454796
94468710
94507483
94463114
94451776
94571033
94491790
94551154
94531452
94550851
94485205
94450279
94482497
94556677
94459985
94478721
61025165
0
0
