1076224
95397340
95489465
95444756
95525653
95475844
95475910
95477143
95493892
95469871
95492456
95497344
95475751
95478475
95512276
95482085
95483509
95498325
95510581
95478403
95505126
95438349
95648842
95503510
95490813
95651077
95468025
95494894
95454738
95469825
95456694
95522611
95503118
95483256
95454257
95481658
95503623
95496899
95475459
95484081
95480299
95439875
95484220
95487320
95522271
95491660
95490570
95490213
95495744
95525504
95482683
95510870
95467491
95512999
95480286
95489072
95508948
95475854
95509223
95478445
95544965
95542217
95533203
95504912
95448592
95565096
95501837
95534815
95607108
95468613
95501822
95455763
95438927
95510255
95467384
95473153
95463261
95487249
95493202
95486398
95511254
95468032
95473980
95471821
95470781
95560480
95559404
95476269
95591286
95473013
95513764
95462865
95521450
95472976
95473595
95476881
95478595
95481360
95479753
95475296
95461622
95534522
95449953
95509285
95498920
95500432
95514152
95512037
95482743
95487160
95593437
95489353
95501064
95484985
95499478
95442871
95473340
95457449
95466933
95495054
95494228
95605453
95474696
95489477
95489390
95496546
95460490
95486565
95509423
95578267
95502967
95475132
95503689
95484367
95472864
95473741
95499306
95482495
95460778
95496332
95508338
95453133
95466242
95506509
95553648
95488542
95518157
95459012
95461229
95498661
95498321
95496150
95571379
95486786
95504705
95424167
95400763
95502347
95518463
95475012
95560995
95475926
95453799
95498606
95460268
95554833
95467210
95541217
95475174
95474643
95543038
95468823
95508226
95490876
95481118
95485371
95485035
95505634
95276115
50368
0
0
