99610937
99479475
99595497
99512033
99508424
99477211
99486508
99488348
99501295
99527474
99507911
99671190
99486626
99489034
99468957
99445577
99465514
99498791
99461794
99537222
99491747
99522936
99511133
99528240
99524042
99531289
99550905
99459710
99566811
99575490
99494558
99503903
99481922
99518371
99493546
99496472
99486423
99580686
99506066
99491975
99589397
99551253
99508861
99485255
99562362
99513777
99511878
99519495
99494215
99492839
99501126
99532313
99513653
99492674
99474568
99503716
99522135
99502612
99543216
99496817
99459306
99502218
99514638
99506339
99506709
99569932
99507961
99468054
99530515
99500872
99530535
99509008
99500924
99518109
99482178
99486737
99470733
99476252
99488195
99514415
99499835
99501386
99505193
99487980
99495641
99487963
99550759
99495071
99567502
99547739
99620688
99471133
99516886
99516953
99628770
99491411
99518715
99508919
99544749
99488016
99481970
99479397
99503207
99493390
99462992
99535038
99604274
99538747
99476182
99479515
99516833
99571923
99578872
99518718
99494101
99483241
99508560
99574396
99511504
99523395
99513185
99511414
99502513
99488777
99507629
99494098
99519627
99522462
99487737
99444391
99521638
99452528
99463266
99509540
99501742
99506485
99546751
99497984
99529876
99574075
99503700
99499035
99483691
99534684
99493972
99481456
99459721
99530743
99500147
99494980
99494108
99517005
99483616
99483689
99489730
99489517
99480078
99701723
99449325
99556876
99508510
99501032
99530674
99490827
99497567
99559471
99516069
99468631
99502232
99507587
99480281
99504330
99491272
99464223
99467983
99479350
99513425