0
0
58781219
95458306
95490873
95479828
95488425
95536513
95599893
95521962
95494897
95438193
95544741
95542573
95482270
95509836
95485433
95496078
95506033
95469034
95459213
95506482
95456365
95471913
95441673
95475210
95511936
95468029
95476145
95540413
95575554
95635544
95514997
95466185
95408460
95445711
95504827
95464762
95462427
95642802
95493402
95469007
95509994
95476005
95632128
95474587
95793847
95468283
95473197
95471327
95455004
95493478
95488983
95504303
95452998
95463664
95494539
95467364
95505258
95469001
95479148
95490101
95489291
95491501
95471262
95479701
95482750
95491901
95511861
95606537
95458606
95502294
95468252
95477027
95493669
95422785
95493026
95476101
95460310
95457137
95466406
95453728
95510773
95492979
95426615
95466328
95477797
95492818
95506087
95496938
95466682
95565828
95583370
95509363
95469829
95473102
95508302
95475728
95424997
95498131
95485661
95462287
95480854
95456945
95506229
95513601
95488495
95486683
95499990
95497074
95534027
95492490
95501313
95467537
95460827
95476413
95482285
95446778
95487388
95470823
95471825
95478502
95515917
95496512
95504334
95483661
95473351
95492567
95494704
95548806
95472076
95489511
95468295
95464652
95486041
95480168
95449194
95498812
95484821
95491702
95497658
95474234
95497679
95677381
95483837
95479497
95503971
95523332
95483827
95513923
95499267
95461764
95508074
95455531
95492611
95481283
95496485
95503992
95454110
95489612
95448275
95494733
95484863
95501516
95483598
95490229
95475532
95500270
95543797
95503797
95487536
95496581
95484393
95457936
95476045
95477799
95498509
95445678
95479011
95461649
37353382
0
0
0
0
0
