98497843
98499677
98490622
98506539
98524884
98467616
98568770
98496414
98501803
98490488
98510817
98483458
98492226
98495598
98496777
98504986
98503495
98551332
98526055
98497256
98546839
98481175
98558440
98504492
98531127
98486273
98529032
98490530
98521151
98505483
98516410
98484416
98478157
98498320
98477557
98528954
98552881
98501422
98481776
98560013
98560812
98472501
98500532
98476755
98647329
98494655
98494589
98454860
98576396
98498892
98469604
98492951
98487445
98509276
98497375
98521188
98519646
98511386
98502689
98482822
98522550
98486685
98487447
98509926
98504134
98507974
98477621
98463634
98484256
98497651
98474089
98518335
98539259
98458770
98484126
98557795
98499139
98470482
98515795
98494338
98559500
98499593
98506935
98493606
98504703
98495186
98487044
98534429
98509392
98535474
98473278
98504322
98557390
98483054
98489923
98508119
98431132
98495715
98558243
98460319
98498297
98464482
98458687
98535217
98523091
98506691
98526927
98508238
98452226
98516418
98498337
98509031
98447269
98579433
98563508
98603527
98473212
98537583
98496173
98485530
98554786
98508696
98535175
98495391
98488336
98489495
98496631
98514583
98475366
98453138
98543412
98492179
98469833
98453433
98533821
98543769
98578064
98502603
98485223
98506074
98503467
98499259
98488445
98576270
98483190
98594379
98548409
98468747
98497312
98479359
98540718
98458040
98479058
98587533
98508826
98482643
98519704
98527941
98498681
98493049
98802067
98464294
98455440
98450327
98530538
98559227
98459402
98473290
98579618
98515578
98478617
98519207
98583137
98593676
98503918
98577967
98495891