97523594
97553327
97501547
97526070
97500552
97489839
97469899
97657753
97571508
97507433
97476029
97476403
97465825
97521761
97507718
97494201
97492906
97510644
97501517
97489369
97480916
97942324
97492810
97494999
97461333
97502296
97511576
97475112
97495675
97536117
97488910
97479206
97440687
97527784
97514425
97504376
97510843
97492653
97453127
97494880
97549392
97481836
97462919
97494802
97534141
97538703
97498109
97494615
97515437
97444730
97452191
97508383
97509633
97507820
97492549
97475886
97491137
97589636
97550076
97564336
97473278
97511644
97510233
97480061
97472768
97503318
97467432
97516657
97495095
97502275
97514745
97478942
97488258
97449044
97501948
97483345
97652570
97475672
97558304
97496347
97498315
97527465
97522917
97494647
97493340
97497328
97504576
97498282
97473131
97477020
97503557
97493931
97491270
97474212
97631198
97488092
97541702
97519489
97505582
97478984
97498420
97482702
97654081
97612398
97498350
97585228
97535161
97481349
97578256
97554084
97458177
97477523
97521241
97445625
97637110
97484042
97651164
97491769
97467174
97539384
97582562
97579366
97564156
97525085
97501313
97517456
97450798
97480399
97489117
97542186
97660273
97473935
97508350
97487100
97475647
97490442
97482577
97481746
97524192
97494683
97499497
97515638
97497847
97555999
97509591
97436507
97526857
97508763
97562928
97489399
97551198
97487338
97503100
97468094
97505077
97533417
97499064
97503189
97548304
97513176
97451672
97458924
97545379
97488851
97493304
97545563
97567351
97541293
97502165
97486028
97466736
97508225
97518764
97497326
97520973
97491488
97863764