4002161
96529293
96504591
96468007
96500111
96521356
96589724
96482441
96474486
96461684
96557384
96512523
96563164
96537942
96495508
96482707
96438420
96548246
96479288
96543591
96593672
96496207
96458324
96493400
96644388
96459501
96453911
96485801
96477344
96455988
96481118
96479540
96493296
96485302
96446325
96556719
96654272
96507576
96430149
96493272
96494219
96484457
96486434
96503647
96462770
96501615
96505273
96458273
96457950
96478317
96494475
96476962
96514957
96526050
96462331
96456775
96577330
96470954
96555887
96475719
96475800
96486195
96606530
96544310
96549003
96487611
96473128
96647100
96481999
96475395
96454318
96457589
96492547
96455308
96447385
96426193
96465621
96494154
96473802
96479628
96494785
96485449
96456531
96569497
96492793
96467215
96424850
96469674
96490812
96559831
96496386
96475795
96478635
96545791
96470620
96521376
96496960
96421220
96446305
96485519
96452495
96543999
96511576
96468917
96492138
96487368
96453985
96465016
96453369
96495331
96562090
96500985
96504438
96540348
96511876
96561947
96470389
96534234
96538116
96536269
96471075
96492266
96499705
96488494
96507217
96547954
96534397
96494531
96476303
96588269
96470046
96494295
96496864
96534825
96561522
96464151
96629141
96456647
96602224
96575017
96462064
96537978
96554515
96473168
96481478
96481097
96494424
96509970
96478820
96471057
96466929
96455823
96551446
96496764
96471680
96467302
96500105
96463359
96475440
96502010
96463432
96510422
96539008
96506844
96466518
96504615
96527551
96480926
96473740
96405375
96483433
96448581
96480434
96481762
96479191
96480117
96552547
96546912
92208844
0
0
0
