96457073
96514343
96503163
96487111
96482764
96474577
96553724
96501353
96490903
96492889
96488484
96475005
96484602
96502801
96490723
96476110
96478652
96489999
96452652
96489190
96484024
96491867
96497874
96462737
96470812
96483121
96495899
96479597
96498720
96475689
96488825
96563074
96448953
96472881
96482193
96486079
96599710
96466560
96512240
96441239
96490528
96459056
96437166
96466219
96499115
96501309
96480523
96511048
96466387
96485298
96481023
96566080
96476563
96493433
96549397
96525338
96507880
96468022
96493708
96491812
96493332
96491186
96512938
96489032
96462319
96509797
96532661
96462792
96478426
96455306
96491574
96496592
96475536
96465848
96441893
96446646
96496044
96483948
96475144
96477357
96466647
96511738
96468917
96447382
96446268
96435800
96489737
96548517
96474306
96462331
96549388
96474182
96510532
96500347
96487344
96511832
96716614
96482920
96451821
96512653
96537645
96498908
96490930
96512583
96488914
96464825
96542908
96522409
96542437
96567483
96551636
96470067
96476329
96432914
96486392
96495869
96437628
96500338
96473972
96504766
96510113
96481929
96556345
96476804
96494310
96478101
96627399
96480104
96454886
96447546
96468770
96480614
96466346
96521452
96466183
96474521
96448254
96475183
96493756
96495477
96486857
96485350
96472634
96508555
96507379
96462559
96507899
96488350
96497944
96505652
96481215
96509019
96456148
96530949
96467071
96443571
96514491
96544902
96479170
96516300
96500444
96485613
96485714
96491206
96470566
96520628
96487915
96493282
96490026
96451816
96526451
96453706
96468719
96475186
96447558
96445437
96475250