4
2
9085691
11072404
11080711
11084363
11071406
11084131
11064937
11082052
11077394
11069617
11083902
11080777
11082914
11077381
11083305
11083416
11079385
11069361
11082019
11068218
11086086
11086466
11084012
11063589
11071210
11071332
11082953
11069562
11079529
11081707
11072153
11080339
11083351
11082632
11081697
11058937
11072900
11073952
11081227
11076902
11069627
11080930
11083352
11081715
11063023
11080182
11082589
11070361
11083823
11061287
11082673
11082354
11072554
11070875
11070949
11069740
11082095
11068143
11063088
11070086
11082166
11082726
11083782
11068933
11081641
11070559
11084588
11069240
11071452
11084437
11076511
11080732
11080102
11075078
11085054
11078703
11085506
11082630
11069628
11060029
11075825
11083959
11078048
11084158
11082279
11082587
11086736
11082559
11066120
11083474
11082214
11070786
11069558
11059878
11063129
11080306
11070546
11085275
11068472
11081864
11070835
11083103
11070231
11082983
11054427
11084550
11070768
11074829
11078896
11067151
11069861
11085614
11082884
11080621
11073075
11070559
11069455
11074938
11070184
11085039
11071166
11084245
11082931
11084039
11057084
11075203
11054873
11079393
11069124
11084708
11068056
11079517
11058621
11082831
11081783
11073511
11081381
11082569
11083346
11083699
11070933
11084418
11085570
11082476
11082197
11087188
11085798
11084432
11085610
11079351
11083875
11080762
11082449
11067761
11086122
11064169
11070932
11067148
11085291
11067060
11066354
11076368
11058800
11079143
11059409
11070437
11083117
11056381
11079127
11056846
11059614
11069637
11079886
11075390
11084106
11083381
11084018
6968171
10
5
6
