5
2
3
7
66292788
96869791
96954363
97027991
97034058
96949238
96993095
97024233
96941259
96893152
96867423
97006438
96877319
96971709
96813793
96920344
97017050
96944449
96873498
96915981
96969726
96897641
96989500
96874343
96870550
96764675
96935840
96991673
96982019
96834863
97022710
96919109
96969920
96997659
96979693
96909154
96771599
96897632
96895283
96892180
96857730
96902542
96896591
96773290
96972733
96882424
96865637
96746909
96734882
96867317
96850142
96881612
96737605
96831701
96971885
96843025
96870678
96836004
96874537
96985308
96980842
96852520
96771431
96868684
96998149
96833097
96902679
97040907
97004493
96987804
96949538
96782584
96918459
96763125
96909284
96768445
96798270
96931801
96878753
96793079
96895174
96888210
97016598
96754185
96942395
96759170
96899271
96854198
97019854
97021821
96892337
96894651
96884970
96888222
96908863
96806333
96902939
96908803
96813292
96891009
96900502
96773339
96814431
96912102
96797679
97006302
96876682
96990125
96892250
96819631
96943386
96896344
96885000
96912413
96749983
96917895
96836610
96982547
96879714
96878816
96996108
96914884
96876986
96896700
96920219
96868931
96875026
96907470
96916495
96998549
96991149
96859456
96983539
97001265
96943522
96896941
96929989
96898510
96949495
96939113
96988097
96926035
96978961
97012161
96878153
97019387
96864049
96904003
96858091
96779301
96885625
96977498
96788908
96928800
96928943
96955315
96764028
96860863
96966637
97000847
96863105
96916662
96941739
96912632
97022927
96900035
96969016
96916936
96879300
96871552
96742218
96864560
96893855
96911524
96885510
96993006
96907714
81208956
5
5
