2
4
42024261
97002705
96972510
96961607
96872302
96981340
96954093
96931198
96893623
96848632
96937314
96887597
96949203
96982584
96802947
96931995
96872803
96762269
96902790
96950301
96946070
96967352
96964627
96956188
96975702
97019000
96890242
96976602
96925878
96994610
96895709
96999063
97019876
97011389
96928021
97032607
97010773
96783548
96883936
96911851
96998593
96991784
96934918
96961973
96789759
97022074
96906891
96910735
96996840
96960229
96938655
96928996
96997397
96848400
96960225
96939148
97009728
96930258
96919271
97008251
96998870
96915508
96950930
96786702
96888945
97005858
97014298
97027151
96890832
96948120
96855874
96860412
97025715
97014346
96944284
96928462
96974185
97006260
96981243
96987584
96914944
96998316
97003144
97010320
96950364
96995909
96961317
97006755
97016403
96961507
96875476
96902211
96773427
97011357
96843342
97009290
97002163
97000609
96864728
96960887
96766439
96845341
96771990
96995478
97005464
96858588
96877601
97017062
96787134
96856543
96922937
96994042
96996637
96939007
96855107
96991574
97025137
96767417
96896528
96985682
96955173
96977652
96876562
96998413
96863494
96806310
96981197
96946708
96951182
96835148
96995698
96979152
96825239
96875537
96896878
96866032
96905069
96969151
96877400
96959342
97004708
96957412
96980344
96967525
96996547
96743352
96975529
96876558
96981107
96934697
96993331
96881661
96824758
96981274
96998129
96956579
96788158
96904204
96823221
96960540
96949655
96784671
96929713
97003010
96907036
96864839
97008090
96990964
96833430
96995411
97010039
96934146
96824142
96917868
97012181
96763756
96961905
92067093
5
7
4
6
4
5
4
4
