4
5
20659339
21162593
21163186
21161486
21159501
21156021
21152802
21153825
21159191
21158657
21162586
21145893
21160091
21138019
21136054
21132242
21134654
21142908
21129573
21135779
21158243
21137647
21124719
21155708
21136450
21155687
21129547
21148883
21133332
21153706
21159903
21158943
21113155
21155955
21145891
21159966
21133194
21131663
21135078
21167612
21161910
21160941
21133488
21158960
21132696
21124364
21133713
21162988
21136155
21158193
21131081
21136204
21157561
21157706
21155514
21157024
21148514
21141296
21141479
21160816
21159025
21163028
21149860
21157828
21156131
21153152
21123020
21151175
21137895
21164288
21133670
21160622
21151923
21158596
21152089
21167265
21157010
21151797
21155502
21152549
21146635
21160441
21165310
21151149
21154079
21157243
21143038
21166526
21141509
21164521
21163461
21134006
21137837
21160646
21163529
21137677
21160155
21160590
21166459
21143495
21156194
21159753
21158568
21160001
21131961
21138630
21150771
21158820
21146098
21155993
21159408
21113947
21136216
21157623
21159068
21128988
21157473
21135923
21164977
21140456
21163354
21162836
21162797
21144069
21158662
21135125
21129512
21136755
21161899
21133411
21165453
21159894
21136766
21139524
21155875
21161126
21161461
21161489
21157530
21135896
21158306
21136110
21166790
21138035
21160002
21157563
21135816
21161256
21157536
21137202
21147116
21155193
21152664
21160559
21137997
21160176
21136340
21131416
21154175
21157366
21141836
21159332
21161482
21118607
21148540
21143791
21160082
21135113
21157173
21155353
21163515
21159903
21141383
21150292
21138139
21163990
21155569
9242772
4
7
8
3
7
