2
6
5
4
5
2
56814601
92709863
92745657
92809994
92719688
92835368
92681022
92772690
92773459
92640231
92882535
92870048
92769280
92751305
92847394
92733572
92727083
92697421
92759693
92801966
92749944
92749658
92754027
92696801
92770383
92884104
92885571
92789554
92860488
92771583
92868089
92861111
92842411
92833204
92860832
92846318
92872855
92871836
92882141
92776843
92877736
92874882
92870801
92833002
92879788
92764277
92840079
92825011
92655095
92866917
92782264
92876321
92784112
92774930
92876739
92883708
92759387
92767897
92897896
92898197
92743211
92796362
92794488
92801447
92848749
92667493
92780961
92867155
92796561
92865420
92867141
92819898
92858956
92782003
92878358
92749455
92882036
92782204
92742294
92847220
92750182
92745439
92862844
92754610
92753854
92726979
92840740
92773787
92777251
92880177
92876139
92835221
92737265
92765189
92753350
92782915
92816876
92838211
92822341
92696230
92855200
92661954
92870721
92645412
92784010
92883319
92777494
92781121
92728489
92871353
92892905
92881310
92884848
92877377
92779720
92680702
92869160
92686094
92873219
92858279
92868396
92871792
92883500
92839678
92893112
92885228
92765588
92814072
92830268
92855166
92760726
92744933
92642276
92896911
92880906
92851732
92812515
92828800
92811531
92820031
92841543
92778652
92836157
92900909
92798670
92788760
92873107
92738166
92786485
92854847
92856976
92902804
92764671
92781686
92762829
92814236
92890413
92868304
92899531
92880382
92832044
92868739
92875795
92876632
92876984
92884920
92881198
92860750
92904629
92871633
92879196
92868154
92891403
92828335
92776061
92851619
92894687
77157336
7
4
2
