1
4
2
4
72058137
96816565
97014098
96978841
96988076
96917644
96983273
96884207
96908445
97002879
96870873
96798171
96995367
96953931
96980005
96899957
97008385
96920329
96998941
96998663
96985189
96908775
97020925
96797246
97020550
96994965
97014900
97020863
97007530
97024131
96997818
96937627
96990124
97010897
96997292
96963822
96922219
96871945
97007866
96860298
96967361
96880587
96821061
97011437
97025861
96865838
97019684
96947225
96815578
96888251
96994674
96891948
96871129
96885810
96960537
96904896
97016933
96818407
96966574
97001689
96884479
97011219
96869984
96873412
96875409
96863594
96917263
96995123
96982328
96991334
96986671
96983419
96960882
96913693
96994694
96966546
96908746
96988705
96809902
96889224
96981507
96789017
97012407
96988234
96985572
97022743
97015393
97032407
96880344
96859374
96919393
96845066
97014483
97004406
96996646
96876245
97017469
97021918
96910499
96936918
96999076
96898684
96999338
97002590
96960134
96853455
96876313
96925965
96875083
97026599
96833662
96999507
96886364
96998837
96843555
96921742
96920906
96989924
96881546
97025197
96892194
96763622
96881925
96775561
97003896
96974663
96978735
96917705
96881227
96905077
96985801
96999470
96878223
96881236
96894546
96798402
96984511
97016375
96882110
96958100
96907345
96963497
96952799
96862894
96982964
96847327
96765989
96944348
96986399
96875928
96910850
96730730
96860138
96966349
96765700
96967378
96846540
96849409
97003280
96914304
96993833
96912950
96931971
96856250
96749657
96886663
96965662
96811159
96939117
96853534
96842293
96850306
96834105
96992714
96983405
96925835
96992787
70432308
9
2
3
4
2
3
2
3
2
4
